name,rank,count,prop100k,cum_prop100k,pctwhite,pctblack,pctapi,pctaian,pct2prace,pcthispanic
SMITH,1,2376206,880.85,880.85,73.35,22.22,0.40,0.85,1.63,1.56
JOHNSON,2,1857160,688.44,1569.30,61.55,33.80,0.42,0.91,1.82,1.50
WILLIAMS,3,1534042,568.66,2137.96,48.52,46.72,0.37,0.78,2.01,1.60
BROWN,4,1380145,511.62,2649.58,60.71,34.54,0.41,0.83,1.86,1.64
JONES,5,1362755,505.17,3154.75,57.69,37.73,0.35,0.94,1.85,1.44
MILLER,6,1127803,418.07,3572.82,85.81,10.41,0.42,0.63,1.31,1.43
DAVIS,7,1072335,397.51,3970.33,64.73,30.77,0.40,0.79,1.73,1.58
GARCIA,8,858289,318.17,4288.50,6.17,0.49,1.43,0.58,0.51,90.81
RODRIGUEZ,9,804240,298.13,4586.62,5.52,0.54,0.58,0.24,0.41,92.70
WILSON,10,783051,290.27,4876.90,69.72,25.32,0.46,1.03,1.74,1.73
MARTINEZ,11,775072,287.32,5164.22,6.04,0.52,0.60,0.64,0.46,91.72
ANDERSON,12,762394,282.62,5446.83,77.60,18.06,0.48,0.70,1.59,1.58
TAYLOR,13,720370,267.04,5713.87,67.80,27.67,0.39,0.75,1.78,1.61
THOMAS,14,710696,263.45,5977.33,55.53,38.17,1.63,1.01,2.00,1.66
HERNANDEZ,15,706372,261.85,6239.18,4.55,0.38,0.65,0.27,0.35,93.81
MOORE,16,698671,259.00,6498.17,68.85,26.92,0.37,0.65,1.70,1.50
MARTIN,17,672711,249.37,6747.54,77.47,15.30,0.71,0.94,1.59,3.99
JACKSON,18,666125,246.93,6994.47,41.93,53.02,0.31,1.04,2.18,1.53
THOMPSON,19,644368,238.87,7233.34,72.48,22.53,0.44,1.15,1.78,1.62
WHITE,20,639515,237.07,7470.40,67.91,27.38,0.39,1.01,1.76,1.55
LOPEZ,21,621536,230.40,7700.81,5.85,0.61,1.04,0.47,0.52,91.51
LEE,22,605860,224.59,7925.40,40.09,17.41,37.83,1.03,2.30,1.34
GONZALEZ,23,597718,221.57,8146.97,4.76,0.37,0.38,0.18,0.33,93.99
HARRIS,24,593542,220.02,8366.99,53.88,41.63,0.36,0.65,2.02,1.45
CLARK,25,548369,203.28,8570.27,76.84,18.53,0.41,0.94,1.60,1.68
LEWIS,26,509930,189.03,8759.30,60.97,33.83,0.45,1.14,1.97,1.64
ROBINSON,27,503028,186.47,8945.77,51.34,44.10,0.37,0.51,1.99,1.68
WALKER,28,501307,185.83,9131.61,61.25,34.17,0.35,0.83,1.80,1.60
PEREZ,29,488521,181.09,9312.70,5.95,0.48,1.18,0.26,0.48,91.65
HALL,30,473568,175.55,9488.25,75.11,20.75,0.48,0.63,1.63,1.40
YOUNG,31,465948,172.73,9660.97,68.91,23.79,2.95,0.73,1.93,1.69
ALLEN,32,463368,171.77,9832.74,70.24,25.14,0.41,0.83,1.77,1.62
SANCHEZ,33,441242,163.57,9996.31,5.77,0.50,1.01,0.49,0.45,91.78
WRIGHT,34,440367,163.24,10159.55,68.30,27.36,0.40,0.66,1.75,1.52
KING,35,438986,162.73,10322.28,72.80,22.02,0.88,0.97,1.71,1.62
SCOTT,36,420091,155.73,10478.01,62.60,32.26,0.41,1.15,1.90,1.68
GREEN,37,413477,153.27,10631.29,59.33,36.23,0.34,0.61,1.78,1.71
BAKER,38,413351,153.23,10784.51,82.08,13.63,0.45,0.83,1.54,1.47
ADAMS,39,413086,153.13,10937.64,76.17,19.20,0.45,0.79,1.63,1.76
NELSON,40,412236,152.81,11090.46,80.29,14.93,0.51,1.09,1.49,1.68
HILL,41,411770,152.64,11243.10,66.83,28.42,0.42,0.91,1.78,1.64
RAMIREZ,42,388987,144.20,11387.30,4.40,0.29,0.97,0.27,0.40,93.67
CAMPBELL,43,371953,137.88,11525.18,76.47,19.13,0.43,0.65,1.67,1.65
MITCHELL,44,367433,136.21,11661.38,63.55,31.52,0.39,0.98,1.93,1.63
ROBERTS,45,366215,135.75,11797.14,79.56,15.86,0.47,0.85,1.67,1.58
CARTER,46,362548,134.40,11931.53,60.51,34.99,0.39,0.71,1.88,1.52
PHILLIPS,47,351848,130.43,12061.96,78.95,16.36,0.45,0.99,1.68,1.58
EVANS,48,342237,126.87,12188.83,70.65,25.05,0.40,0.68,1.67,1.55
TURNER,49,335663,124.43,12313.26,66.67,29.31,0.33,0.56,1.72,1.40
TORRES,50,325169,120.54,12433.80,6.05,0.58,1.42,0.26,0.53,91.16
PARKER,51,324246,120.20,12554.00,71.49,24.09,0.44,0.85,1.67,1.46
COLLINS,52,317848,117.83,12671.82,73.92,21.70,0.37,0.75,1.65,1.61
EDWARDS,53,317070,117.54,12789.36,65.16,30.21,0.40,0.75,1.84,1.63
STEWART,54,312899,115.99,12905.35,71.78,23.83,0.38,0.74,1.69,1.59
FLORES,55,312615,115.89,13021.23,5.57,0.47,2.15,0.43,0.54,90.84
MORRIS,56,311754,115.57,13136.80,75.92,19.29,0.43,0.93,1.70,1.73
NGUYEN,57,310125,114.96,13251.76,1.26,0.18,95.93,0.04,2.01,0.58
MURPHY,58,300501,111.39,13363.16,85.05,11.03,0.43,0.65,1.29,1.54
RIVERA,59,299463,111.01,13474.17,5.92,1.06,2.06,0.24,0.55,90.17
COOK,60,294795,109.28,13583.45,83.52,12.27,0.44,0.86,1.48,1.42
ROGERS,61,294403,109.13,13692.58,77.80,17.66,0.42,0.77,1.58,1.77
MORGAN,62,276400,102.46,13795.04,78.47,16.47,0.42,1.15,1.64,1.86
PETERSON,63,275041,101.96,13897.00,86.29,9.58,0.52,0.70,1.33,1.56
COOPER,64,270097,100.12,13997.12,70.36,25.26,0.40,0.76,1.69,1.54
REED,65,267443,99.14,14096.26,73.51,21.97,0.40,1.00,1.67,1.45
BAILEY,66,265916,98.57,14194.84,74.77,21.14,0.40,0.61,1.63,1.45
BELL,67,264752,98.14,14292.98,63.57,31.78,0.41,0.90,1.80,1.55
GOMEZ,68,263590,97.71,14390.69,6.10,0.81,1.04,0.34,0.54,91.16
KELLY,69,260385,96.52,14487.22,80.39,15.48,0.49,0.55,1.35,1.73
HOWARD,70,254779,94.45,14581.66,66.83,28.69,0.38,0.82,1.74,1.55
WARD,71,254121,94.20,14675.86,77.79,17.77,0.40,0.83,1.57,1.64
COX,72,253771,94.07,14769.94,84.48,11.55,0.39,0.64,1.42,1.52
DIAZ,73,251772,93.33,14863.27,6.17,0.73,1.19,0.22,0.47,91.22
RICHARDSON,74,249533,92.50,14955.77,62.25,32.77,0.36,1.05,1.82,1.75
WOOD,75,247299,91.67,15047.44,90.06,5.61,0.51,0.82,1.40,1.60
WATSON,76,242432,89.87,15137.31,68.58,26.85,0.47,0.80,1.72,1.58
BROOKS,77,240751,89.25,15226.56,62.72,32.67,0.41,0.75,1.83,1.62
BENNETT,78,239055,88.62,15315.17,79.00,16.51,0.41,0.89,1.54,1.65
GRAY,79,236713,87.75,15402.92,71.13,24.36,0.44,0.84,1.66,1.57
JAMES,80,233224,86.46,15489.38,54.45,38.09,0.81,2.51,2.10,2.04
REYES,81,232511,86.19,15575.57,5.26,0.75,6.02,0.30,0.76,86.90
CRUZ,82,231065,85.66,15661.22,5.95,0.83,5.61,0.38,0.99,86.24
HUGHES,83,229390,85.03,15746.26,80.60,15.45,0.39,0.52,1.46,1.58
PRICE,84,228756,84.80,15831.06,76.11,19.79,0.42,0.64,1.58,1.46
MYERS,85,224824,83.34,15914.40,86.59,9.75,0.38,0.53,1.35,1.40
LONG,86,223494,82.85,15997.25,82.35,11.75,1.78,1.21,1.44,1.47
FOSTER,87,221040,81.94,16079.19,72.00,23.19,0.46,0.86,1.78,1.70
SANDERS,88,220902,81.89,16161.07,63.44,31.90,0.33,0.85,1.73,1.76
ROSS,89,219961,81.54,16242.61,71.46,23.67,0.46,0.89,1.69,1.82
MORALES,90,217642,80.68,16323.29,5.60,0.60,1.24,0.25,0.44,91.88
POWELL,91,216553,80.28,16403.57,69.96,25.97,0.38,0.56,1.71,1.41
SULLIVAN,92,215640,79.94,16483.50,89.45,6.78,0.46,0.52,1.16,1.63
RUSSELL,93,215432,79.86,16563.36,79.45,15.79,0.43,1.00,1.70,1.63
ORTIZ,94,214683,79.58,16642.95,5.40,0.64,0.68,0.48,0.45,92.35
JENKINS,95,213737,79.23,16722.18,60.12,35.97,0.33,0.55,1.69,1.34
GUTIERREZ,96,212905,78.92,16801.10,5.21,0.25,1.40,0.33,0.42,92.39
PERRY,97,212644,78.83,16879.93,70.71,24.37,0.46,0.82,1.86,1.78
BUTLER,98,210879,78.17,16958.10,64.75,30.85,0.35,0.81,1.75,1.50
BARNES,99,210426,78.00,17036.10,67.45,28.23,0.40,0.72,1.71,1.49
FISHER,100,210279,77.95,17114.05,84.59,11.28,0.42,0.71,1.42,1.58
HENDERSON,101,210094,77.88,17191.94,62.18,33.20,0.38,0.82,1.81,1.61
COLEMAN,102,208624,77.34,17269.27,52.04,43.83,0.33,0.50,1.87,1.44
SIMMONS,103,201650,74.75,17344.02,60.55,35.26,0.35,0.61,1.74,1.50
PATTERSON,104,198557,73.60,17417.63,70.09,25.66,0.37,0.61,1.67,1.61
JORDAN,105,197212,73.11,17490.73,64.30,30.06,0.44,0.68,1.67,2.86
REYNOLDS,106,195598,72.51,17563.24,83.28,12.50,0.42,0.61,1.55,1.65
HAMILTON,107,194331,72.04,17635.28,72.79,22.65,0.44,0.78,1.73,1.61
GRAHAM,108,194074,71.94,17707.22,72.84,22.72,0.42,0.77,1.61,1.64
KIM,109,194067,71.94,17779.16,2.60,0.36,94.52,0.03,1.99,0.50
GONZALES,110,193934,71.89,17851.05,10.00,0.86,3.10,0.76,0.84,84.44
ALEXANDER,111,193443,71.71,17922.76,60.91,33.22,0.91,0.70,2.05,2.21
RAMOS,112,193096,71.58,17994.34,7.20,0.92,5.04,0.25,1.18,85.42
WALLACE,113,190760,70.71,18065.06,71.76,23.73,0.43,0.73,1.72,1.64
GRIFFIN,114,190636,70.67,18135.72,66.46,29.77,0.34,0.50,1.56,1.36
WEST,115,188464,69.86,18205.59,77.69,17.80,0.39,0.81,1.64,1.66
COLE,116,187793,69.61,18275.20,77.59,18.20,0.43,0.68,1.61,1.48
HAYES,117,187473,69.50,18344.70,71.64,24.05,0.38,0.73,1.71,1.48
CHAVEZ,118,185865,68.90,18413.60,5.65,0.21,0.59,1.15,0.43,91.98
GIBSON,119,184420,68.36,18481.96,74.57,21.07,0.36,0.85,1.65,1.49
BRYANT,120,183761,68.12,18550.08,60.97,34.68,0.30,0.89,1.79,1.37
ELLIS,121,181934,67.44,18617.52,72.82,22.60,0.44,0.66,1.64,1.83
STEVENS,122,181417,67.25,18684.77,83.40,11.40,0.53,1.23,1.64,1.79
MURRAY,123,178414,66.14,18750.91,77.59,18.13,0.48,0.60,1.54,1.66
FORD,124,178397,66.13,18817.04,64.28,31.40,0.37,0.61,1.84,1.51
MARSHALL,125,177213,65.69,18882.73,68.89,26.35,0.42,0.88,1.82,1.64
OWENS,126,176334,65.37,18948.10,68.09,27.86,0.31,0.71,1.69,1.35
MCDONALD,127,176094,65.28,19013.38,79.19,16.26,0.43,0.76,1.51,1.85
HARRISON,128,175577,65.09,19078.46,71.00,23.76,0.42,1.35,1.69,1.78
RUIZ,129,175429,65.03,19143.49,6.12,0.48,1.01,0.28,0.41,91.70
KENNEDY,130,171636,63.62,19207.12,82.97,12.98,0.46,0.62,1.40,1.57
WELLS,131,170635,63.25,19270.37,76.31,19.34,0.37,0.80,1.61,1.56
ALVAREZ,132,168817,62.58,19332.95,6.61,0.64,1.15,0.47,0.47,90.66
WOODS,133,168814,62.58,19395.53,60.68,34.66,0.35,0.84,1.92,1.55
MENDOZA,134,168567,62.49,19458.02,4.93,0.38,5.20,0.29,0.64,88.57
CASTILLO,135,165473,61.34,19519.36,5.62,0.77,3.26,0.75,0.75,88.85
OLSON,136,163502,60.61,19579.97,96.03,0.36,0.54,0.64,1.04,1.38
WEBB,137,163481,60.60,19640.57,77.74,18.36,0.38,0.62,1.50,1.41
WASHINGTON,138,163036,60.44,19701.01,5.16,89.87,0.25,0.64,2.64,1.45
TUCKER,139,162933,60.40,19761.41,72.06,23.57,0.33,0.74,1.72,1.59
FREEMAN,140,162686,60.31,19821.71,67.96,27.47,0.37,0.95,1.76,1.49
BURNS,141,162153,60.11,19881.82,82.18,13.63,0.45,0.71,1.45,1.59
HENRY,142,161392,59.83,19941.65,65.06,28.76,0.57,1.71,2.00,1.90
VASQUEZ,143,159989,59.31,20000.96,5.49,0.50,0.69,0.37,0.49,92.46
SNYDER,144,159363,59.08,20060.03,95.37,1.28,0.46,0.51,1.11,1.28
SIMPSON,145,158241,58.66,20118.69,73.29,22.13,0.44,0.78,1.68,1.69
CRAWFORD,146,158121,58.61,20177.31,71.31,24.47,0.40,0.69,1.69,1.45
JIMENEZ,147,157475,58.38,20235.68,4.46,0.31,1.53,0.27,0.45,92.98
PORTER,148,156848,58.14,20293.83,71.19,24.44,0.42,0.75,1.62,1.58
MASON,149,155484,57.64,20351.47,70.99,24.48,0.42,0.73,1.70,1.68
SHAW,150,155172,57.52,20408.99,74.67,20.23,1.24,0.73,1.65,1.48
GORDON,151,154934,57.43,20466.42,67.75,27.22,0.45,0.69,1.89,2.00
WAGNER,152,154516,57.28,20523.70,93.97,2.50,0.43,0.49,1.00,1.60
HUNTER,153,154410,57.24,20580.94,62.92,32.30,0.40,0.97,1.87,1.54
ROMERO,154,153772,57.00,20637.94,10.44,0.46,1.34,0.95,0.66,86.13
HICKS,155,153618,56.95,20694.89,69.46,26.14,0.37,0.94,1.68,1.42
DIXON,156,152015,56.35,20751.24,57.05,38.21,0.38,0.89,1.84,1.62
HUNT,157,151986,56.34,20807.58,76.03,16.33,0.48,3.93,1.68,1.55
PALMER,158,150407,55.76,20863.33,77.87,17.31,0.45,0.83,1.62,1.93
ROBERTSON,159,150299,55.72,20919.05,75.35,20.24,0.41,0.87,1.55,1.58
BLACK,160,150186,55.67,20974.72,76.65,18.56,0.42,1.35,1.49,1.53
HOLMES,161,150166,55.67,21030.39,59.22,36.52,0.31,0.73,1.72,1.50
STONE,162,149802,55.53,21085.92,87.40,7.90,0.55,0.93,1.58,1.64
MEYER,163,149664,55.48,21141.40,96.07,0.45,0.57,0.24,1.13,1.55
BOYD,164,149476,55.41,21196.81,65.64,29.94,0.41,0.97,1.66,1.38
MILLS,165,147909,54.83,21251.64,79.70,16.09,0.40,0.79,1.50,1.52
WARREN,166,147906,54.83,21306.47,72.50,23.09,0.43,0.80,1.72,1.47
FOX,167,147357,54.62,21361.09,89.82,5.68,0.55,1.03,1.39,1.54
ROSE,168,146924,54.46,21415.56,84.23,10.86,0.52,0.61,1.83,1.95
RICE,169,146440,54.28,21469.84,79.65,16.26,0.40,0.65,1.51,1.52
MORENO,170,146088,54.15,21524.00,7.05,0.37,0.64,0.48,0.49,90.97
SCHMIDT,171,145565,53.96,21577.96,96.48,0.28,0.46,0.33,0.87,1.57
PATEL,172,145066,53.78,21631.73,1.55,0.26,91.37,0.41,5.84,0.57
FERGUSON,173,142256,52.73,21684.47,77.54,18.05,0.44,0.60,1.66,1.71
NICHOLS,174,141936,52.62,21737.08,84.29,11.36,0.41,0.69,1.57,1.69
HERRERA,175,140786,52.19,21789.27,5.60,0.37,1.01,0.68,0.41,91.93
MEDINA,176,139353,51.66,21840.93,6.39,0.53,1.95,0.39,0.64,90.10
RYAN,177,139335,51.65,21892.58,93.33,2.82,0.64,0.42,1.17,1.62
FERNANDEZ,178,139302,51.64,21944.22,11.35,1.28,5.17,0.22,1.29,80.70
WEAVER,179,138811,51.46,21995.68,85.71,10.02,0.40,1.07,1.40,1.41
DANIELS,180,138776,51.44,22047.12,57.17,37.83,0.44,0.86,1.92,1.78
STEPHENS,181,138742,51.43,22098.55,76.54,19.22,0.37,0.64,1.61,1.63
GARDNER,182,138660,51.40,22149.95,77.23,18.67,0.44,0.67,1.51,1.47
PAYNE,183,138028,51.17,22201.12,73.69,22.03,0.35,0.54,1.75,1.64
KELLEY,184,137555,50.99,22252.11,85.81,10.21,0.47,0.62,1.52,1.38
DUNN,185,136955,50.77,22302.88,82.35,13.48,0.63,0.54,1.48,1.53
PIERCE,186,136517,50.61,22353.48,82.72,12.63,0.40,1.01,1.61,1.64
ARNOLD,187,136315,50.53,22404.02,83.35,12.63,0.43,0.55,1.48,1.56
TRAN,188,136095,50.45,22454.47,1.56,0.16,95.61,0.07,1.98,0.62
SPENCER,189,134443,49.84,22504.30,71.71,22.55,0.69,1.33,1.97,1.75
PETERS,190,134231,49.76,22554.06,85.16,9.45,0.78,1.34,1.54,1.73
HAWKINS,191,134066,49.70,22603.76,63.60,32.07,0.37,0.65,1.72,1.58
GRANT,192,134034,49.69,22653.45,58.25,36.58,0.41,1.07,1.89,1.81
HANSEN,193,133474,49.48,22702.93,95.64,0.40,0.60,0.49,1.24,1.62
CASTRO,194,133254,49.40,22752.32,8.72,0.66,3.83,0.30,0.97,85.52
HOFFMAN,195,132645,49.17,22801.49,95.45,1.11,0.44,0.53,1.04,1.43
HART,196,132466,49.10,22850.60,82.71,12.92,0.46,0.73,1.48,1.70
ELLIOTT,197,132457,49.10,22899.70,83.87,12.16,0.42,0.62,1.48,1.45
CUNNINGHAM,198,131896,48.89,22948.59,75.56,20.40,0.41,0.47,1.53,1.63
KNIGHT,199,131860,48.88,22997.47,74.79,20.78,0.40,0.74,1.67,1.63
BRADLEY,200,131289,48.67,23046.14,71.21,24.39,0.40,0.82,1.62,1.56
CARROLL,201,131020,48.57,23094.71,85.05,11.00,0.44,0.63,1.39,1.50
HUDSON,202,130793,48.48,23143.19,69.35,26.22,0.39,0.90,1.66,1.49
DUNCAN,203,130419,48.35,23191.54,78.88,16.48,0.39,0.94,1.65,1.66
ARMSTRONG,204,129982,48.18,23239.72,74.96,20.30,0.47,0.86,1.64,1.76
BERRY,205,129405,47.97,23287.69,73.27,22.26,0.44,0.68,1.75,1.60
ANDREWS,206,129320,47.94,23335.63,74.23,20.84,0.59,0.92,1.78,1.65
JOHNSTON,207,128935,47.80,23383.43,93.13,2.45,0.52,0.74,1.41,1.74
RAY,208,128794,47.74,23431.17,77.59,17.07,1.25,0.80,1.64,1.66
LANE,209,128727,47.72,23478.89,79.36,16.22,0.50,0.85,1.52,1.54
RILEY,210,127960,47.43,23526.33,75.08,20.52,0.39,0.81,1.51,1.68
CARPENTER,211,127073,47.11,23573.43,88.07,8.13,0.45,0.60,1.32,1.43
PERKINS,212,126951,47.06,23620.49,71.52,23.95,0.43,0.71,1.76,1.63
AGUILAR,213,126399,46.86,23667.35,4.70,0.22,1.74,0.66,0.49,92.19
SILVA,214,126164,46.77,23714.12,33.68,1.19,1.82,0.41,4.75,58.15
RICHARDS,215,125653,46.58,23760.70,81.74,13.28,0.53,0.94,1.62,1.89
WILLIS,216,125627,46.57,23807.26,64.74,30.38,0.46,1.16,1.77,1.49
MATTHEWS,217,124839,46.28,23853.54,66.21,29.45,0.49,0.54,1.79,1.53
CHAPMAN,218,124614,46.19,23899.74,81.57,14.11,0.42,0.79,1.53,1.58
LAWRENCE,219,124321,46.09,23945.82,71.93,23.12,0.58,0.91,1.81,1.65
GARZA,220,124130,46.01,23991.84,6.59,0.19,0.15,0.29,0.31,92.47
VARGAS,221,123952,45.95,24037.78,6.20,0.44,0.84,0.23,0.51,91.78
WATKINS,222,122447,45.39,24083.18,64.54,31.38,0.33,0.62,1.78,1.35
WHEELER,223,121684,45.11,24128.28,82.79,12.84,0.41,0.91,1.45,1.61
LARSON,224,121064,44.88,24173.16,96.13,0.39,0.55,0.62,1.03,1.27
CARLSON,225,120124,44.53,24217.69,96.22,0.40,0.54,0.50,1.03,1.32
HARPER,226,119868,44.43,24262.13,70.12,25.64,0.36,0.60,1.77,1.50
GEORGE,227,119778,44.40,24306.53,71.44,17.37,4.67,2.22,2.07,2.24
GREENE,228,119604,44.34,24350.86,70.34,25.52,0.39,0.72,1.73,1.30
BURKE,229,119175,44.18,24395.04,87.74,8.40,0.48,0.49,1.31,1.57
GUZMAN,230,118390,43.89,24438.93,4.73,0.49,1.44,0.21,0.45,92.69
MORRISON,231,117939,43.72,24482.65,81.68,13.80,0.50,0.93,1.60,1.50
MUNOZ,232,117774,43.66,24526.31,5.52,0.30,0.88,0.29,0.41,92.61
JACOBS,233,115540,42.83,24569.14,76.65,15.86,0.48,3.66,1.63,1.72
OBRIEN,234,115385,42.77,24611.91,95.31,1.13,0.53,0.33,1.18,1.52
LAWSON,235,115186,42.70,24654.61,76.30,19.71,0.33,0.60,1.67,1.39
FRANKLIN,236,114859,42.58,24697.19,57.22,37.78,0.45,0.87,1.96,1.71
LYNCH,237,114448,42.43,24739.61,84.22,11.23,0.43,0.98,1.46,1.68
BISHOP,238,114034,42.27,24781.88,86.38,9.71,0.46,0.51,1.41,1.53
CARR,239,113892,42.22,24824.10,75.79,20.07,0.36,0.56,1.60,1.63
SALAZAR,240,113468,42.06,24866.17,6.14,0.28,1.59,0.58,0.52,90.89
AUSTIN,241,113160,41.95,24908.11,69.57,25.50,0.50,0.81,1.79,1.82
MENDEZ,242,112736,41.79,24949.91,5.27,0.81,0.47,0.35,0.51,92.60
GILBERT,243,112406,41.67,24991.57,80.31,14.98,0.42,0.69,1.49,2.11
JENSEN,244,112332,41.64,25033.21,95.44,0.36,0.58,0.79,1.18,1.65
WILLIAMSON,245,112216,41.60,25074.81,79.22,16.74,0.39,0.71,1.51,1.44
MONTGOMERY,246,112144,41.57,25116.38,70.22,25.53,0.45,0.55,1.72,1.53
HARVEY,247,112136,41.57,25157.95,70.70,24.11,0.41,1.56,1.65,1.58
OLIVER,248,111641,41.38,25199.34,66.74,26.81,0.54,0.72,1.85,3.33
HOWELL,249,109634,40.64,25239.98,81.31,14.55,0.36,0.67,1.48,1.64
DEAN,250,109230,40.49,25280.47,78.74,16.23,0.81,0.64,1.76,1.82
HANSON,251,109079,40.44,25320.91,93.87,2.39,0.57,0.58,1.20,1.39
WEBER,252,107866,39.99,25360.89,95.58,1.19,0.46,0.36,1.00,1.41
GARRETT,253,107777,39.95,25400.84,72.43,23.57,0.31,0.56,1.65,1.48
SIMS,254,107244,39.76,25440.60,56.84,39.14,0.32,0.51,1.77,1.42
BURTON,255,107158,39.72,25480.32,69.73,26.03,0.41,0.53,1.71,1.60
FULLER,256,106682,39.55,25519.87,75.53,20.39,0.46,0.58,1.64,1.41
SOTO,257,106631,39.53,25559.40,5.94,0.55,0.47,0.34,0.43,92.27
MCCOY,258,106481,39.47,25598.87,69.00,26.39,0.38,0.81,1.73,1.69
WELCH,259,105804,39.22,25638.09,85.60,9.83,0.45,1.04,1.45,1.63
CHEN,260,105544,39.12,25677.21,1.68,0.36,95.45,0.02,2.00,0.49
SCHULTZ,261,104962,38.91,25716.12,96.24,0.62,0.42,0.37,0.95,1.40
WALTERS,262,104281,38.66,25754.78,85.31,10.30,0.46,0.86,1.32,1.74
REID,263,104007,38.56,25793.34,63.24,32.01,0.47,0.57,1.97,1.74
FIELDS,264,103242,38.27,25831.61,59.74,35.20,0.33,1.24,2.00,1.49
WALSH,265,103216,38.26,25869.87,95.90,0.96,0.49,0.20,1.04,1.41
LITTLE,266,102718,38.08,25907.95,72.28,23.39,0.36,1.20,1.52,1.25
FOWLER,267,102620,38.04,25945.99,83.34,12.32,0.40,0.96,1.53,1.45
BOWMAN,268,102239,37.90,25983.89,82.90,12.94,0.42,0.84,1.46,1.45
DAVIDSON,269,102044,37.83,26021.71,86.25,9.58,0.46,0.60,1.51,1.60
MAY,270,101726,37.71,26059.42,85.54,9.45,0.94,0.66,1.41,2.01
DAY,271,101676,37.69,26097.11,85.18,10.12,0.70,0.97,1.46,1.57
SCHNEIDER,272,100553,37.27,26134.39,96.67,0.33,0.43,0.27,0.90,1.41
NEWMAN,273,100491,37.25,26171.64,84.97,10.57,0.49,0.65,1.64,1.68
BREWER,274,100465,37.24,26208.88,83.34,12.03,0.33,1.24,1.58,1.47
LUCAS,275,100417,37.22,26246.11,73.57,18.33,1.35,0.50,1.72,4.53
HOLLAND,276,99885,37.03,26283.13,78.86,17.23,0.36,0.55,1.54,1.46
WONG,277,99392,36.84,26319.98,3.33,0.71,88.50,0.05,4.39,3.02
BANKS,278,99294,36.81,26356.79,41.30,54.24,0.30,0.41,2.28,1.47
SANTOS,279,98993,36.70,26393.48,21.93,1.82,13.21,0.33,4.38,58.32
CURTIS,280,98958,36.68,26430.17,79.88,15.42,0.41,1.07,1.56,1.67
PEARSON,281,98728,36.60,26466.76,74.49,21.59,0.47,0.43,1.60,1.42
DELGADO,282,98675,36.58,26503.34,6.45,0.69,0.71,0.24,0.66,91.26
VALDEZ,283,98610,36.55,26539.90,6.84,0.54,3.36,0.71,0.73,87.82
PENA,284,98345,36.46,26576.35,5.92,0.51,1.05,0.39,0.58,91.55
RIOS,285,96569,35.80,26612.15,5.33,0.45,0.39,0.40,0.41,93.02
DOUGLAS,286,96425,35.74,26647.90,61.34,33.49,0.43,0.68,2.02,2.05
SANDOVAL,287,96303,35.70,26683.60,6.00,0.19,0.55,2.18,0.41,90.66
BARRETT,288,95896,35.55,26719.14,83.22,12.41,0.57,0.55,1.54,1.72
HOPKINS,289,94603,35.07,26754.21,75.56,20.28,0.42,0.82,1.55,1.37
KELLER,290,94300,34.96,26789.17,92.93,3.59,0.42,0.47,1.11,1.49
GUERRERO,291,94152,34.90,26824.07,5.16,0.32,2.36,0.25,0.60,91.32
STANLEY,292,93817,34.78,26858.85,81.04,14.15,0.52,1.05,1.57,1.65
BATES,293,93743,34.75,26893.60,77.09,18.56,0.41,0.73,1.48,1.72
ALVARADO,294,93723,34.74,26928.34,4.79,0.33,0.60,0.29,0.44,93.57
BECK,295,93161,34.53,26962.88,91.73,4.47,0.58,0.60,1.23,1.39
ORTEGA,296,93131,34.52,26997.40,5.69,0.33,1.10,0.62,0.43,91.83
WADE,297,92834,34.41,27031.81,67.49,28.13,0.36,0.65,1.87,1.49
ESTRADA,298,92831,34.41,27066.23,5.23,0.49,1.77,0.33,0.53,91.65
CONTRERAS,299,92660,34.35,27100.57,4.72,0.24,0.62,0.30,0.37,93.75
BARNETT,300,92287,34.21,27134.78,78.75,16.63,0.36,0.86,1.78,1.63
CALDWELL,301,91338,33.86,27168.64,70.27,25.58,0.34,0.69,1.55,1.57
SANTIAGO,302,90967,33.72,27202.36,5.86,1.46,4.43,0.19,0.84,87.22
LAMBERT,303,90618,33.59,27235.96,85.71,9.34,0.46,1.16,1.39,1.94
POWERS,304,90401,33.51,27269.47,91.01,5.14,0.51,0.52,1.23,1.58
CHAMBERS,305,90325,33.48,27302.95,68.80,26.93,0.36,0.56,1.78,1.57
NUNEZ,306,90208,33.44,27336.39,6.44,0.77,0.80,0.30,0.47,91.21
CRAIG,307,89591,33.21,27369.60,81.17,14.47,0.50,0.68,1.57,1.61
LEONARD,308,89198,33.07,27402.67,82.59,13.14,0.45,0.75,1.32,1.75
LOWE,309,89178,33.06,27435.73,75.29,18.53,1.66,0.94,1.83,1.75
RHODES,310,88917,32.96,27468.69,77.16,19.04,0.32,0.62,1.45,1.41
BYRD,311,88811,32.92,27501.61,61.25,34.20,0.26,1.08,1.83,1.39
GREGORY,312,88810,32.92,27534.53,80.87,14.62,0.43,0.75,1.51,1.82
SHELTON,313,88326,32.74,27567.27,76.18,19.76,0.36,0.62,1.70,1.37
FRAZIER,314,88325,32.74,27600.01,59.05,36.14,0.37,1.29,1.85,1.30
BECKER,315,88114,32.66,27632.68,96.40,0.46,0.45,0.31,1.02,1.38
MALDONADO,316,88016,32.63,27665.31,5.53,0.51,0.33,0.27,0.42,92.95
FLEMING,317,87949,32.60,27697.91,74.59,21.51,0.44,0.48,1.55,1.43
VEGA,318,87728,32.52,27730.43,6.46,0.60,0.65,0.29,0.45,91.54
SUTTON,319,87373,32.39,27762.82,75.08,20.88,0.37,0.64,1.61,1.41
COHEN,320,87226,32.33,27795.15,90.63,5.51,0.42,0.11,1.23,2.11
JENNINGS,321,87038,32.26,27827.42,73.38,22.36,0.54,0.56,1.62,1.53
PARKS,322,86346,32.01,27859.42,71.48,24.25,0.53,0.57,1.80,1.37
MCDANIEL,323,86317,32.00,27891.42,78.48,17.53,0.30,0.59,1.59,1.50
WATTS,324,86228,31.96,27923.39,70.81,24.96,0.35,0.73,1.66,1.48
BARKER,325,85221,31.59,27954.98,88.54,7.24,0.48,0.63,1.42,1.69
NORRIS,326,85212,31.59,27986.57,82.01,13.81,0.37,0.93,1.53,1.35
VAUGHN,327,85037,31.52,28018.09,73.63,22.02,0.33,0.71,1.74,1.57
VAZQUEZ,328,84926,31.48,28049.57,4.60,0.34,0.19,0.09,0.27,94.52
HOLT,329,84710,31.40,28080.97,81.19,14.44,0.52,0.78,1.69,1.38
SCHWARTZ,330,84699,31.40,28112.37,96.77,0.40,0.46,0.16,1.00,1.21
STEELE,331,84353,31.27,28143.64,80.39,14.94,0.41,1.08,1.47,1.71
BENSON,332,84233,31.22,28174.86,79.98,15.65,0.61,0.74,1.48,1.55
NEAL,333,83849,31.08,28205.95,64.69,30.91,0.42,0.69,1.84,1.43
DOMINGUEZ,334,83731,31.04,28236.99,6.16,0.43,1.15,0.37,0.46,91.43
HORTON,335,83523,30.96,28267.95,72.15,23.50,0.40,0.69,1.73,1.53
TERRY,336,83437,30.93,28298.88,68.82,26.63,0.41,0.73,1.73,1.68
WOLFE,337,83112,30.81,28329.69,92.29,3.37,0.43,1.27,1.21,1.43
HALE,338,82955,30.75,28360.44,83.99,11.17,0.46,1.19,1.59,1.60
LYONS,339,82258,30.49,28390.93,76.88,18.55,0.45,0.94,1.67,1.51
GRAVES,340,82179,30.46,28421.39,71.95,23.56,0.37,0.72,1.74,1.66
HAYNES,341,82037,30.41,28451.80,63.72,32.01,0.30,0.56,1.71,1.70
MILES,342,81933,30.37,28482.18,63.61,31.80,0.43,0.81,1.76,1.59
PARK,343,81890,30.36,28512.53,30.06,0.82,66.30,0.20,1.77,0.85
WARNER,344,81824,30.33,28542.87,86.32,9.69,0.51,0.61,1.40,1.48
PADILLA,345,81805,30.32,28573.19,6.94,0.34,2.07,1.00,0.64,88.99
BUSH,346,81524,30.22,28603.41,74.14,21.49,0.52,0.78,1.53,1.55
THORNTON,347,81191,30.10,28633.51,69.33,26.53,0.37,0.66,1.80,1.31
MCCARTHY,348,81035,30.04,28663.55,93.90,2.78,0.54,0.26,1.12,1.41
MANN,349,81022,30.03,28693.58,83.10,9.68,2.41,1.28,1.73,1.81
ZIMMERMAN,350,80944,30.01,28723.59,94.81,2.27,0.43,0.27,0.97,1.25
ERICKSON,351,80936,30.00,28753.59,96.39,0.24,0.50,0.54,1.08,1.26
FLETCHER,352,80932,30.00,28783.59,75.52,19.92,0.47,0.73,1.69,1.68
MCKINNEY,353,80616,29.88,28813.48,71.57,24.31,0.29,0.80,1.68,1.35
PAGE,354,80493,29.84,28843.31,77.16,18.66,0.48,0.54,1.43,1.73
DAWSON,355,80190,29.73,28873.04,70.48,25.22,0.48,0.51,1.72,1.59
JOSEPH,356,80030,29.67,28902.71,35.48,48.84,6.91,1.09,5.31,2.37
MARQUEZ,357,79951,29.64,28932.35,5.69,0.56,2.79,0.48,0.64,89.84
REEVES,358,79817,29.59,28961.93,79.79,15.66,0.46,0.70,1.64,1.75
KLEIN,359,79685,29.54,28991.47,96.53,0.30,0.40,0.23,1.05,1.49
ESPINOZA,360,79322,29.40,29020.88,4.38,0.25,0.37,0.41,0.31,94.29
BALDWIN,361,79151,29.34,29050.22,79.12,16.51,0.41,0.90,1.44,1.62
MORAN,362,78546,29.12,29079.33,71.43,2.44,0.55,0.82,1.04,23.71
LOVE,363,78323,29.03,29108.37,59.30,36.26,0.45,0.56,1.86,1.58
ROBBINS,364,78141,28.97,29137.34,89.09,7.03,0.41,0.80,1.36,1.30
HIGGINS,365,78107,28.95,29166.29,85.92,10.27,0.41,0.51,1.37,1.52
BALL,366,77561,28.75,29195.04,84.53,11.70,0.43,0.50,1.17,1.66
CORTEZ,367,77492,28.73,29223.77,7.03,0.72,2.79,0.33,0.58,88.54
LE,368,77453,28.71,29252.48,1.83,0.29,95.15,0.03,2.13,0.56
GRIFFITH,369,77429,28.70,29281.18,85.82,9.80,0.37,0.66,1.62,1.74
BOWEN,370,77078,28.57,29309.75,84.52,11.06,0.41,0.69,1.59,1.73
SHARP,371,76868,28.49,29338.25,85.12,10.50,0.45,0.95,1.40,1.58
CUMMINGS,372,76707,28.44,29366.68,75.47,18.38,0.68,2.15,1.84,1.49
RAMSEY,373,76625,28.40,29395.09,79.54,16.13,0.34,0.67,1.64,1.68
HARDY,374,76608,28.40,29423.49,63.67,31.73,0.39,1.10,1.65,1.45
SWANSON,375,76539,28.37,29451.86,92.01,4.59,0.55,0.40,1.09,1.36
BARBER,376,76504,28.36,29480.22,77.88,17.40,0.55,0.99,1.60,1.57
ACOSTA,377,76477,28.35,29508.57,8.04,0.69,2.36,0.29,0.63,87.99
LUNA,378,76127,28.22,29536.79,9.78,0.37,2.00,0.58,0.70,86.58
CHANDLER,379,76114,28.22,29565.00,76.77,19.11,0.50,0.55,1.59,1.48
BLAIR,380,75135,27.85,29592.86,82.13,13.52,0.47,0.61,1.68,1.59
DANIEL,380,75135,27.85,29620.71,67.02,24.05,2.12,0.58,1.95,4.27
CROSS,382,75134,27.85,29648.56,77.68,17.63,0.41,0.90,1.73,1.66
SIMON,383,74839,27.74,29676.30,69.94,20.95,1.98,0.65,1.83,4.66
DENNIS,384,74784,27.72,29704.03,68.50,26.49,0.44,0.72,1.83,2.03
OCONNOR,385,74756,27.71,29731.74,94.75,1.74,0.58,0.25,1.10,1.58
QUINN,386,74531,27.63,29759.37,88.13,7.91,0.52,0.45,1.26,1.73
GROSS,387,74285,27.54,29786.90,86.61,9.85,0.41,0.31,1.15,1.67
NAVARRO,388,73970,27.42,29814.32,7.90,0.45,4.10,0.27,0.71,86.57
MOSS,389,73750,27.34,29841.66,71.87,24.11,0.37,0.71,1.48,1.46
FITZGERALD,390,73522,27.25,29868.92,88.03,8.44,0.49,0.32,1.28,1.43
DOYLE,391,73518,27.25,29896.17,90.74,5.37,0.46,0.53,1.31,1.60
MCLAUGHLIN,392,73128,27.11,29923.28,89.65,6.73,0.42,0.47,1.17,1.55
ROJAS,393,73071,27.09,29950.37,4.77,0.43,0.85,0.21,0.44,93.31
RODGERS,394,73021,27.07,29977.43,72.92,22.64,0.42,0.63,1.62,1.76
STEVENSON,395,72892,27.02,30004.45,65.79,29.69,0.45,0.51,1.79,1.76
SINGH,396,72642,26.93,30031.38,3.51,3.09,74.44,1.01,15.30,2.65
YANG,397,72627,26.92,30058.31,0.95,0.13,95.03,0.04,3.49,0.35
FIGUEROA,398,72533,26.89,30085.19,5.46,0.93,0.99,0.24,0.52,91.86
HARMON,399,72414,26.84,30112.04,80.01,15.95,0.39,0.77,1.51,1.38
NEWTON,400,72328,26.81,30138.85,77.90,17.74,0.44,0.72,1.56,1.64
PAUL,401,72248,26.78,30165.63,73.80,16.16,3.63,1.94,2.60,1.87
MANNING,402,72069,26.72,30192.35,76.64,19.14,0.42,0.83,1.41,1.55
GARNER,403,72052,26.71,30219.06,74.14,21.99,0.37,0.59,1.51,1.40
MCGEE,404,71925,26.66,30245.72,64.94,30.69,0.35,0.62,1.81,1.60
REESE,405,71754,26.60,30272.32,68.17,27.73,0.35,0.59,1.49,1.66
FRANCIS,406,71723,26.59,30298.90,63.89,27.57,1.30,2.08,2.44,2.72
BURGESS,407,71604,26.54,30325.45,77.77,17.43,0.56,1.02,1.75,1.48
ADKINS,408,71528,26.52,30351.96,88.92,7.52,0.28,0.87,1.26,1.15
GOODMAN,409,71482,26.50,30378.46,80.66,15.12,0.43,0.97,1.25,1.58
CURRY,410,71344,26.45,30404.91,61.73,34.25,0.42,0.42,1.68,1.51
BRADY,411,71175,26.38,30431.29,89.02,6.56,0.46,0.86,1.24,1.86
CHRISTENSEN,412,71144,26.37,30457.67,95.86,0.27,0.51,0.62,1.13,1.61
POTTER,413,71103,26.36,30484.02,90.33,5.19,0.47,0.78,1.52,1.70
WALTON,414,70997,26.32,30510.34,62.56,33.54,0.32,0.47,1.67,1.44
GOODWIN,415,70333,26.07,30536.41,78.97,16.82,0.41,0.82,1.55,1.42
MULLINS,416,70286,26.05,30562.47,89.92,6.75,0.30,0.60,1.25,1.17
MOLINA,417,70211,26.03,30588.50,6.60,0.46,2.34,0.85,0.62,89.13
WEBSTER,418,70123,25.99,30614.49,76.16,18.51,0.48,1.34,1.88,1.64
FISCHER,419,70095,25.98,30640.47,95.71,0.86,0.45,0.35,1.08,1.55
CAMPOS,420,69950,25.93,30666.40,7.55,0.30,1.50,0.25,0.85,89.55
AVILA,421,69843,25.89,30692.30,8.33,0.40,0.94,0.26,0.64,89.43
SHERMAN,422,69840,25.89,30718.18,84.91,10.90,0.46,0.91,1.35,1.48
TODD,423,69810,25.88,30744.06,82.81,12.95,0.47,0.61,1.59,1.58
CHANG,424,69756,25.86,30769.92,2.28,0.94,90.13,0.02,3.69,2.94
BLAKE,425,69279,25.68,30795.60,74.04,21.11,0.42,0.78,1.78,1.86
MALONE,426,69257,25.67,30821.28,69.80,26.01,0.43,0.64,1.58,1.54
WOLF,427,68905,25.54,30846.82,94.96,1.04,0.48,0.97,1.15,1.40
HODGES,428,68868,25.53,30872.35,75.92,19.89,0.42,0.46,1.56,1.75
JUAREZ,429,68785,25.50,30897.85,4.08,0.22,0.43,0.23,0.32,94.72
GILL,430,68699,25.47,30923.31,70.90,14.15,8.35,0.53,2.28,3.79
FARMER,431,68309,25.32,30948.64,79.01,16.88,0.34,0.99,1.42,1.35
HINES,432,68145,25.26,30973.90,60.48,35.62,0.38,0.46,1.56,1.49
GALLAGHER,433,68075,25.24,30999.13,96.08,0.58,0.46,0.25,1.02,1.61
DURAN,434,68046,25.22,31024.36,11.58,0.56,1.09,0.93,0.68,85.17
HUBBARD,435,68021,25.22,31049.57,73.47,22.20,0.34,0.93,1.67,1.39
CANNON,436,67923,25.18,31074.75,72.24,23.73,0.38,0.54,1.60,1.50
MIRANDA,437,67646,25.08,31099.83,14.34,0.97,4.08,0.57,1.83,78.20
WANG,438,67570,25.05,31124.87,3.25,0.19,94.47,0.03,1.73,0.33
SAUNDERS,439,67210,24.91,31149.79,69.67,25.59,0.44,0.75,1.90,1.65
TATE,440,67208,24.91,31174.70,58.16,37.54,0.47,0.73,1.72,1.38
MACK,441,67154,24.89,31199.60,47.35,48.38,0.60,0.56,1.74,1.37
HAMMOND,442,67063,24.86,31224.46,80.78,15.11,0.43,0.82,1.52,1.34
CARRILLO,443,67054,24.86,31249.31,6.04,0.27,0.73,0.47,0.39,92.10
TOWNSEND,444,66853,24.78,31274.10,70.59,25.03,0.43,0.75,1.62,1.59
WISE,445,66738,24.74,31298.83,80.67,14.97,0.50,0.65,1.54,1.68
INGRAM,446,66665,24.71,31323.55,63.69,32.14,0.31,0.54,1.76,1.56
BARTON,447,66622,24.70,31348.24,87.13,7.55,0.43,1.43,1.38,2.08
MEJIA,448,66534,24.66,31372.91,3.99,0.49,1.44,0.28,0.55,93.25
AYALA,449,66515,24.66,31397.56,4.77,0.57,0.48,0.23,0.45,93.51
SCHROEDER,450,66412,24.62,31422.18,96.74,0.23,0.48,0.39,0.86,1.30
HAMPTON,451,66378,24.61,31446.79,56.28,39.52,0.34,0.65,1.88,1.33
ROWE,452,66205,24.54,31471.33,82.19,13.53,0.51,0.56,1.56,1.65
PARSONS,453,66203,24.54,31495.87,92.71,3.39,0.41,0.57,1.41,1.51
FRANK,454,65918,24.44,31520.31,86.69,7.38,0.70,2.10,1.34,1.78
WATERS,455,65817,24.40,31544.71,75.27,20.52,0.37,0.79,1.54,1.51
STRICKLAND,456,65814,24.40,31569.10,78.49,16.14,0.36,2.16,1.53,1.32
OSBORNE,457,65802,24.39,31593.50,83.98,11.98,0.38,0.63,1.59,1.44
MAXWELL,458,65779,24.38,31617.88,75.79,19.66,0.43,0.59,1.70,1.82
CHAN,459,65719,24.36,31642.24,2.72,0.54,91.01,0.04,2.82,2.87
DELEON,460,65598,24.32,31666.56,7.55,1.06,8.29,0.23,0.93,81.94
NORMAN,461,65269,24.20,31690.75,71.58,24.13,0.42,0.61,1.71,1.54
HARRINGTON,462,65131,24.14,31714.90,83.92,11.97,0.53,0.59,1.49,1.51
CASEY,463,64815,24.03,31738.92,88.51,7.25,0.49,0.66,1.60,1.50
PATTON,464,64772,24.01,31762.94,75.56,20.18,0.39,0.78,1.62,1.48
LOGAN,465,64576,23.94,31786.87,67.08,27.10,0.56,1.06,2.05,2.15
BOWERS,466,64496,23.91,31810.78,85.34,10.94,0.38,0.50,1.34,1.50
MUELLER,467,64305,23.84,31834.62,96.96,0.23,0.48,0.18,0.91,1.24
GLOVER,468,64180,23.79,31858.41,54.91,40.96,0.36,0.40,1.90,1.47
FLOYD,469,64141,23.78,31882.19,67.94,28.30,0.31,0.57,1.59,1.28
HARTMAN,470,63827,23.66,31905.85,95.42,1.50,0.44,0.38,1.05,1.20
BUCHANAN,471,63825,23.66,31929.51,79.92,15.91,0.48,0.56,1.57,1.57
COBB,472,63739,23.63,31953.14,72.07,24.24,0.35,0.65,1.48,1.20
FRENCH,473,63149,23.41,31976.55,87.74,7.65,0.49,1.04,1.56,1.52
KRAMER,474,63023,23.36,31999.91,96.47,0.28,0.46,0.25,1.08,1.46
MCCORMICK,475,62663,23.23,32023.14,89.10,7.24,0.41,0.43,1.30,1.52
CLARKE,476,62546,23.19,32046.32,66.14,28.18,0.52,0.40,2.29,2.46
TYLER,477,62534,23.18,32069.50,64.08,30.74,0.43,1.37,1.80,1.58
GIBBS,478,62514,23.17,32092.68,67.84,27.75,0.39,0.70,1.75,1.57
MOODY,479,62344,23.11,32115.79,72.99,22.54,0.37,0.80,1.57,1.73
CONNER,480,62335,23.11,32138.90,80.81,15.41,0.38,0.51,1.44,1.44
SPARKS,481,62234,23.07,32161.97,85.92,10.00,0.40,0.73,1.56,1.39
MCGUIRE,482,62116,23.03,32184.99,89.56,6.19,0.53,0.51,1.51,1.70
LEON,483,62034,23.00,32207.99,13.02,3.02,1.16,0.45,0.71,81.65
BAUER,484,61979,22.98,32230.96,96.34,0.34,0.45,0.33,0.98,1.56
NORTON,485,61805,22.91,32253.87,89.66,6.08,0.43,1.09,1.34,1.41
POPE,486,61750,22.89,32276.76,72.86,23.12,0.36,0.59,1.61,1.45
FLYNN,487,61747,22.89,32299.65,93.64,2.80,0.48,0.56,1.07,1.46
HOGAN,488,61651,22.85,32322.51,82.38,13.86,0.41,0.47,1.27,1.61
ROBLES,489,61619,22.84,32345.35,5.88,0.51,2.05,0.44,0.53,90.58
SALINAS,490,61582,22.83,32368.18,5.68,0.20,0.98,0.25,0.39,92.50
YATES,491,61400,22.76,32390.94,82.61,13.29,0.44,0.63,1.46,1.57
LINDSEY,492,61199,22.69,32413.62,70.65,24.56,0.74,0.60,1.96,1.49
LLOYD,493,61154,22.67,32436.29,74.91,21.15,0.47,0.41,1.56,1.49
MARSH,494,60999,22.61,32458.91,85.01,11.32,0.42,0.50,1.41,1.34
MCBRIDE,495,60874,22.57,32481.47,76.51,19.02,0.38,0.81,1.54,1.73
OWEN,496,60461,22.41,32503.89,93.36,2.37,0.55,0.87,1.28,1.58
SOLIS,497,60045,22.26,32526.14,5.86,0.45,1.57,0.20,0.42,91.50
PHAM,498,59949,22.22,32548.37,1.31,0.18,95.86,0.06,1.98,0.63
LANG,499,59843,22.18,32570.55,84.16,9.90,2.34,0.56,1.41,1.63
PRATT,500,59801,22.17,32592.72,80.27,14.77,0.53,1.03,1.63,1.77
LARA,501,59731,22.14,32614.86,6.28,0.42,1.07,0.36,0.56,91.30
BROCK,502,59682,22.12,32636.98,85.02,11.18,0.33,0.68,1.43,1.36
BALLARD,503,59660,22.12,32659.10,77.29,18.46,0.29,0.87,1.58,1.51
TRUJILLO,504,59609,22.10,32681.20,9.07,0.20,0.22,1.86,0.59,88.07
SHAFFER,505,59227,21.96,32703.15,94.61,2.20,0.40,0.36,1.17,1.27
DRAKE,506,59055,21.89,32725.04,81.84,14.21,0.41,0.64,1.49,1.41
ROMAN,507,59020,21.88,32746.92,25.56,1.98,0.94,0.17,0.72,70.64
AGUIRRE,508,58918,21.84,32768.76,6.28,0.28,1.19,0.26,0.46,91.52
MORTON,509,58788,21.79,32790.56,75.94,19.46,0.51,0.77,1.76,1.57
STOKES,510,58687,21.76,32812.31,60.78,35.09,0.33,0.44,1.71,1.64
LAMB,511,58555,21.71,32834.02,87.41,8.45,0.58,0.57,1.37,1.63
PACHECO,512,58534,21.70,32855.72,18.19,0.50,1.18,0.90,1.52,77.71
PATRICK,513,58257,21.60,32877.31,76.02,19.40,0.51,1.01,1.61,1.45
COCHRAN,514,58233,21.59,32898.90,87.03,8.61,0.36,1.23,1.35,1.42
SHEPHERD,515,57935,21.48,32920.37,80.98,14.74,0.38,1.01,1.55,1.34
CAIN,516,57873,21.45,32941.83,80.07,15.95,0.49,0.66,1.48,1.36
BURNETT,517,57859,21.45,32963.28,72.77,22.70,0.39,0.79,1.88,1.48
HESS,518,57822,21.43,32984.71,95.94,0.86,0.48,0.42,1.03,1.27
LI,519,57786,21.42,33006.13,1.28,0.12,96.44,0.01,1.40,0.75
CERVANTES,520,57685,21.38,33027.51,3.96,0.12,0.85,0.26,0.32,94.49
OLSEN,521,57357,21.26,33048.78,95.28,0.28,0.64,0.73,1.36,1.70
BRIGGS,522,57297,21.24,33070.02,77.89,17.99,0.43,0.61,1.64,1.44
OCHOA,523,57210,21.21,33091.22,5.18,0.33,0.63,0.41,0.28,93.17
CABRERA,524,57171,21.19,33112.42,5.48,0.45,3.56,0.16,0.64,89.71
VELASQUEZ,525,57163,21.19,33133.61,5.34,0.57,1.74,0.59,0.51,91.26
MONTOYA,526,57075,21.16,33154.76,8.74,0.24,0.83,1.66,0.74,87.78
ROTH,527,57030,21.14,33175.91,96.27,0.46,0.72,0.24,0.99,1.33
MEYERS,528,56744,21.03,33196.94,91.17,4.49,0.67,0.65,1.39,1.64
CARDENAS,529,56618,20.99,33217.93,5.14,0.29,1.04,0.16,0.41,92.96
FUENTES,530,56441,20.92,33238.85,5.76,0.49,1.47,0.27,0.49,91.52
WEISS,531,56153,20.82,33259.67,96.45,0.36,0.47,0.19,1.08,1.46
HOOVER,532,56068,20.78,33280.45,93.27,3.25,0.40,0.63,1.22,1.24
WILKINS,532,56068,20.78,33301.24,65.20,30.04,0.34,0.88,1.81,1.72
NICHOLSON,534,55986,20.75,33321.99,77.00,18.74,0.41,0.60,1.63,1.62
UNDERWOOD,535,55973,20.75,33342.74,81.00,14.49,0.37,1.07,1.62,1.44
SHORT,536,55903,20.72,33363.46,85.71,9.93,0.50,0.91,1.51,1.44
CARSON,537,55821,20.69,33384.15,74.27,21.14,0.53,0.66,1.75,1.65
MORROW,538,55664,20.63,33404.79,81.58,14.32,0.44,0.68,1.56,1.42
COLON,539,55512,20.58,33425.37,7.90,2.07,0.28,0.14,0.57,89.03
HOLLOWAY,540,55466,20.56,33445.93,60.73,35.27,0.31,0.54,1.84,1.30
SUMMERS,541,55391,20.53,33466.46,80.58,14.48,0.50,1.13,1.68,1.63
BRYAN,542,55269,20.49,33486.95,84.48,10.23,0.50,0.68,1.72,2.40
PETERSEN,543,55185,20.46,33507.41,95.15,1.14,0.62,0.39,1.10,1.60
MCKENZIE,544,55084,20.42,33527.83,68.68,26.14,0.55,0.73,1.95,1.94
SERRANO,545,55057,20.41,33548.24,6.33,0.75,2.84,0.20,0.59,89.29
WILCOX,546,54987,20.38,33568.62,85.79,9.94,0.48,0.79,1.43,1.56
CAREY,547,54924,20.36,33588.98,83.21,12.75,0.43,0.64,1.53,1.43
CLAYTON,548,54875,20.34,33609.32,71.44,24.56,0.38,0.50,1.78,1.35
POOLE,549,54706,20.28,33629.60,74.92,21.82,0.37,0.36,1.45,1.08
CALDERON,550,54691,20.27,33649.87,5.92,0.67,1.67,0.19,0.45,91.10
GALLEGOS,551,54672,20.27,33670.14,8.34,0.15,0.46,0.61,0.53,89.90
GREER,552,54611,20.24,33690.38,75.62,20.62,0.35,0.44,1.49,1.47
RIVAS,553,54588,20.24,33710.62,5.82,0.61,0.40,0.33,0.40,92.43
GUERRA,554,54575,20.23,33730.85,12.73,0.74,0.51,0.56,0.59,84.87
DECKER,555,54450,20.18,33751.04,95.37,0.82,0.41,0.60,1.15,1.65
COLLIER,556,54414,20.17,33771.21,69.60,26.48,0.37,0.52,1.79,1.24
WALL,557,54401,20.17,33791.37,87.80,8.00,0.48,0.77,1.35,1.59
WHITAKER,558,54343,20.14,33811.52,73.40,23.20,0.34,0.42,1.40,1.25
BASS,559,54296,20.13,33831.65,71.82,23.74,0.39,0.63,1.76,1.66
FLOWERS,560,54277,20.12,33851.77,55.93,39.22,0.32,0.53,2.05,1.94
DAVENPORT,561,54206,20.09,33871.86,73.94,21.72,0.41,0.74,1.72,1.49
CONLEY,562,54194,20.09,33891.95,81.47,15.09,0.35,0.50,1.36,1.22
HOUSTON,563,54026,20.03,33911.98,54.63,40.92,0.42,0.56,1.97,1.50
HUFF,564,53892,19.98,33931.95,82.89,13.11,0.40,0.69,1.48,1.43
COPELAND,565,53771,19.93,33951.89,68.57,27.32,0.34,0.63,1.69,1.45
HOOD,566,53737,19.92,33971.81,76.59,19.08,0.40,1.01,1.59,1.33
MONROE,567,53475,19.82,33991.63,65.22,28.87,0.42,1.44,1.77,2.29
MASSEY,568,53459,19.82,34011.45,75.41,19.77,0.80,0.94,1.61,1.46
ROBERSON,569,53198,19.72,34031.17,53.85,42.11,0.28,0.59,1.88,1.29
COMBS,570,53180,19.71,34050.88,87.37,9.01,0.36,0.54,1.42,1.29
FRANCO,571,53161,19.71,34070.59,19.29,0.55,1.76,0.36,0.88,77.16
LARSEN,572,52963,19.63,34090.22,95.64,0.43,0.55,0.62,1.23,1.53
PITTMAN,573,52689,19.53,34109.75,66.35,30.00,0.28,0.61,1.54,1.21
RANDALL,574,52495,19.46,34129.21,76.37,18.86,0.46,1.09,1.64,1.58
SKINNER,575,52490,19.46,34148.67,81.40,14.45,0.40,0.63,1.44,1.68
WILKINSON,576,52483,19.46,34168.13,89.87,6.25,0.53,0.58,1.31,1.47
KIRBY,577,52473,19.45,34187.58,87.47,8.78,0.40,0.66,1.40,1.29
CAMERON,578,52439,19.44,34207.02,77.87,17.02,0.56,0.67,1.68,2.20
BRIDGES,579,52260,19.37,34226.39,70.46,25.54,0.37,0.52,1.67,1.45
ANTHONY,580,52146,19.33,34245.72,63.43,30.43,1.10,0.62,1.84,2.59
RICHARD,581,52138,19.33,34265.05,73.19,22.09,0.61,0.52,1.64,1.94
KIRK,582,52056,19.30,34284.34,84.75,10.42,0.41,1.30,1.69,1.44
BRUCE,583,52004,19.28,34303.62,79.85,14.99,0.53,1.02,1.73,1.87
SINGLETON,584,51797,19.20,34322.82,48.33,48.12,0.27,0.33,1.70,1.25
MATHIS,585,51796,19.20,34342.02,64.71,31.54,0.21,0.60,1.53,1.42
BRADFORD,586,51726,19.17,34361.20,67.27,28.47,0.35,0.60,1.72,1.60
BOONE,587,51679,19.16,34380.35,64.33,30.61,0.43,1.37,1.67,1.59
ABBOTT,588,51620,19.14,34399.49,91.00,4.56,0.49,0.69,1.46,1.80
CHARLES,589,51518,19.10,34418.59,38.87,47.28,0.80,2.05,3.71,7.28
ALLISON,590,51504,19.09,34437.68,83.01,12.22,0.45,1.23,1.57,1.52
SWEENEY,591,51500,19.09,34456.77,92.12,4.37,0.44,0.44,1.06,1.57
ATKINSON,592,51489,19.09,34475.86,81.73,13.00,0.41,0.54,1.35,2.97
HORN,593,51380,19.05,34494.90,86.75,8.31,0.84,1.16,1.46,1.48
JEFFERSON,594,51361,19.04,34513.94,18.72,75.24,0.25,1.85,2.38,1.57
ROSALES,595,51336,19.03,34532.97,4.19,0.35,2.55,0.24,0.44,92.23
YORK,596,51334,19.03,34552.00,87.72,7.69,0.60,0.93,1.45,1.61
CHRISTIAN,597,51177,18.97,34570.97,69.69,23.45,1.77,0.58,1.85,2.66
PHELPS,598,51154,18.96,34589.94,86.82,9.28,0.43,0.58,1.43,1.45
FARRELL,599,51095,18.94,34608.88,91.91,4.33,0.50,0.48,1.16,1.63
CASTANEDA,600,51089,18.94,34627.82,4.45,0.19,1.99,0.28,0.48,92.61
NASH,601,51021,18.91,34646.73,72.24,23.53,0.48,0.72,1.67,1.35
DICKERSON,602,51017,18.91,34665.64,65.09,30.91,0.33,0.43,1.87,1.38
BOND,603,50980,18.90,34684.54,78.18,17.05,0.57,0.83,1.75,1.62
WYATT,604,50874,18.86,34703.40,77.88,17.93,0.34,0.55,1.50,1.80
FOLEY,605,50852,18.85,34722.25,93.60,3.27,0.54,0.26,1.02,1.32
CHASE,606,50777,18.82,34741.07,83.65,10.98,0.52,1.60,1.55,1.70
GATES,607,50748,18.81,34759.88,77.13,18.66,0.48,0.71,1.49,1.52
VINCENT,608,50628,18.77,34778.65,82.26,12.05,0.94,0.60,1.83,2.33
MATHEWS,609,50608,18.76,34797.41,76.90,15.77,2.81,0.62,1.80,2.10
HODGE,610,50577,18.75,34816.16,71.10,24.27,0.38,0.62,1.73,1.89
GARRISON,611,50482,18.71,34834.87,85.31,10.45,0.40,0.72,1.50,1.62
TREVINO,612,50454,18.70,34853.58,7.41,0.22,0.17,0.49,0.38,91.33
VILLARREAL,613,50351,18.66,34872.24,6.57,0.16,0.18,0.22,0.34,92.53
HEATH,614,50307,18.65,34890.89,82.73,13.48,0.40,0.62,1.29,1.49
DALTON,615,50166,18.60,34909.49,88.39,7.51,0.40,0.69,1.35,1.66
VALENCIA,616,50026,18.54,34928.03,5.89,0.54,3.58,1.39,0.58,88.02
CALLAHAN,617,49925,18.51,34946.54,91.29,5.10,0.42,0.52,1.21,1.45
HENSLEY,618,49858,18.48,34965.02,94.24,1.61,0.34,0.93,1.39,1.49
ATKINS,619,49754,18.44,34983.46,70.28,25.51,0.39,0.56,1.82,1.44
HUFFMAN,620,49737,18.44,35001.90,92.88,3.92,0.33,0.54,1.13,1.20
ROY,621,49725,18.43,35020.33,79.90,9.25,5.58,1.62,1.80,1.85
BOYER,622,49601,18.39,35038.72,90.58,4.93,0.52,0.61,1.40,1.95
SHIELDS,623,49556,18.37,35057.09,78.28,17.26,0.42,1.03,1.53,1.47
LIN,624,49360,18.30,35075.39,2.29,0.13,95.13,0.03,2.02,0.40
HANCOCK,625,49330,18.29,35093.68,88.67,7.61,0.36,0.56,1.40,1.41
GRIMES,626,49245,18.25,35111.93,77.42,18.51,0.30,0.56,1.60,1.61
GLENN,627,49241,18.25,35130.18,63.64,32.18,0.36,0.60,1.62,1.61
CLINE,628,49167,18.23,35148.41,94.18,2.10,0.35,0.81,1.16,1.40
DELACRUZ,629,49158,18.22,35166.63,4.54,0.47,18.24,0.26,1.63,74.85
CAMACHO,630,49000,18.16,35184.80,7.13,0.57,2.77,0.22,0.88,88.43
DILLON,631,48833,18.10,35202.90,86.04,9.08,0.79,1.00,1.36,1.73
PARRISH,632,48823,18.10,35221.00,81.95,13.54,0.38,1.16,1.52,1.46
ONEILL,633,48656,18.04,35239.03,94.28,1.01,0.54,0.22,1.20,2.75
MELTON,634,48594,18.01,35257.05,82.29,13.59,0.41,0.94,1.42,1.36
BOOTH,635,48580,18.01,35275.06,85.15,10.32,0.52,1.02,1.46,1.53
KANE,636,48527,17.99,35293.05,91.64,3.38,1.50,0.54,1.32,1.62
BERG,637,48480,17.97,35311.02,95.91,0.39,0.54,0.40,1.12,1.63
HARRELL,638,48471,17.97,35328.99,68.77,27.80,0.30,0.44,1.45,1.24
PITTS,639,48462,17.96,35346.95,65.91,30.26,0.31,0.52,1.61,1.40
SAVAGE,640,48367,17.93,35364.88,77.24,18.59,0.42,0.67,1.61,1.46
WIGGINS,641,48355,17.93,35382.80,57.23,38.71,0.29,0.59,1.63,1.56
BRENNAN,642,48296,17.90,35400.71,95.97,0.69,0.59,0.30,0.95,1.50
SALAS,643,48282,17.90,35418.61,6.83,0.32,2.05,0.48,0.66,89.67
MARKS,644,48281,17.90,35436.50,81.35,13.47,0.58,0.90,1.82,1.89
RUSSO,645,48126,17.84,35454.34,95.14,0.35,0.37,0.17,1.17,2.79
SAWYER,646,47979,17.79,35472.13,82.52,13.29,0.52,0.59,1.59,1.49
BAXTER,647,47857,17.74,35489.87,82.59,13.24,0.48,0.68,1.46,1.54
GOLDEN,648,47839,17.73,35507.60,76.78,19.22,0.35,0.65,1.47,1.53
HUTCHINSON,649,47809,17.72,35525.33,78.40,17.00,0.50,0.60,1.77,1.72
LIU,650,47665,17.67,35543.00,1.83,0.15,95.46,0.04,2.06,0.46
WALTER,651,47615,17.65,35560.65,90.17,5.96,0.61,0.42,1.22,1.62
MCDOWELL,652,47526,17.62,35578.26,72.22,23.85,0.38,0.54,1.55,1.46
WILEY,653,47503,17.61,35595.87,67.53,28.42,0.38,0.59,1.68,1.40
RICH,654,47477,17.60,35613.47,86.98,8.91,0.55,0.58,1.36,1.62
HUMPHREY,655,47470,17.60,35631.07,74.03,21.94,0.33,0.64,1.56,1.50
JOHNS,656,47289,17.53,35648.60,81.25,12.70,0.67,1.98,1.84,1.56
KOCH,657,47286,17.53,35666.13,96.89,0.19,0.54,0.23,0.88,1.26
SUAREZ,658,47235,17.51,35683.64,9.32,0.67,2.11,0.20,0.45,87.25
HOBBS,659,47220,17.50,35701.14,80.80,15.36,0.33,0.66,1.43,1.42
BEARD,660,47128,17.47,35718.61,77.09,18.93,0.33,0.65,1.55,1.45
GILMORE,661,47050,17.44,35736.05,68.20,27.09,0.36,0.86,1.75,1.75
IBARRA,662,46895,17.38,35753.44,3.24,0.14,1.42,0.19,0.33,94.67
KEITH,663,46747,17.33,35770.77,81.17,14.10,0.52,1.04,1.56,1.61
MACIAS,664,46739,17.33,35788.09,5.26,0.18,0.29,0.26,0.37,93.64
KHAN,665,46713,17.32,35805.41,7.92,3.26,70.50,0.47,15.63,2.22
ANDRADE,666,46702,17.31,35822.72,16.92,1.67,1.72,0.25,5.02,74.41
WARE,667,46682,17.30,35840.03,51.50,43.85,0.36,0.78,1.95,1.56
STEPHENSON,668,46662,17.30,35857.32,83.02,12.49,0.46,0.60,1.67,1.77
HENSON,669,46609,17.28,35874.60,84.46,10.34,0.77,1.17,1.78,1.48
WILKERSON,670,46605,17.28,35891.88,66.92,28.77,0.37,0.61,1.82,1.51
DYER,671,46574,17.26,35909.14,85.82,10.08,0.44,0.60,1.47,1.60
MCCLURE,672,46505,17.24,35926.38,86.71,9.19,0.40,0.70,1.54,1.46
BLACKWELL,673,46495,17.24,35943.62,67.71,28.04,0.29,0.68,2.00,1.28
MERCADO,674,46437,17.21,35960.83,5.68,0.56,6.43,0.19,0.85,86.29
TANNER,675,46412,17.20,35978.04,84.06,11.26,0.45,1.01,1.61,1.61
EATON,676,46403,17.20,35995.24,86.74,9.49,0.44,0.61,1.24,1.48
CLAY,677,46264,17.15,36012.39,55.40,39.83,0.32,0.95,2.07,1.42
BARRON,678,46196,17.12,36029.51,53.82,9.41,0.58,0.47,1.06,34.66
BEASLEY,679,46179,17.12,36046.63,69.02,27.01,0.34,0.70,1.63,1.30
ONEAL,680,46161,17.11,36063.74,66.96,28.52,0.33,0.77,1.75,1.66
PRESTON,681,45850,17.00,36080.74,75.24,19.95,0.45,0.99,1.62,1.75
SMALL,681,45850,17.00,36097.74,64.63,30.53,0.41,1.14,1.71,1.58
WU,683,45815,16.98,36114.72,1.32,0.19,95.94,0.02,2.00,0.52
ZAMORA,684,45806,16.98,36131.70,5.99,0.22,2.37,0.37,0.53,90.52
MACDONALD,685,45782,16.97,36148.67,95.05,1.04,0.65,0.29,1.20,1.77
VANCE,686,45763,16.96,36165.63,83.42,12.46,0.39,0.71,1.51,1.51
SNOW,687,45689,16.94,36182.57,86.75,8.55,0.48,1.43,1.49,1.30
MCCLAIN,688,45560,16.89,36199.46,64.20,31.73,0.29,0.40,1.92,1.45
STAFFORD,689,45349,16.81,36216.27,81.14,14.72,0.35,0.78,1.53,1.48
OROZCO,690,45289,16.79,36233.06,3.86,0.12,0.39,0.27,0.28,95.07
BARRY,691,45044,16.70,36249.76,89.21,6.83,0.57,0.41,1.24,1.74
ENGLISH,692,45032,16.69,36266.45,74.07,21.27,0.56,0.61,1.82,1.66
SHANNON,693,44902,16.65,36283.10,77.39,18.73,0.45,0.38,1.55,1.50
KLINE,694,44900,16.64,36299.74,95.38,1.55,0.45,0.33,0.94,1.35
JACOBSON,695,44874,16.63,36316.37,96.05,0.38,0.53,0.48,1.09,1.47
WOODARD,696,44830,16.62,36332.99,62.49,33.58,0.30,0.49,1.72,1.41
HUANG,697,44715,16.58,36349.57,1.03,0.09,96.83,0.02,1.74,0.29
KEMP,698,44701,16.57,36366.14,73.76,22.17,0.37,0.64,1.71,1.34
MOSLEY,699,44698,16.57,36382.71,42.69,52.83,0.26,0.53,2.18,1.51
PRINCE,700,44640,16.55,36399.26,70.04,24.75,0.50,0.75,1.77,2.20
MERRITT,701,44626,16.54,36415.80,77.23,18.95,0.44,0.61,1.48,1.29
HURST,702,44587,16.53,36432.33,86.51,10.00,0.36,0.48,1.18,1.47
VILLANUEVA,703,44570,16.52,36448.85,4.88,0.39,12.52,0.23,1.23,80.75
ROACH,704,44454,16.48,36465.33,82.24,13.23,0.44,0.76,1.58,1.76
NOLAN,705,44421,16.47,36481.80,88.58,7.24,0.41,0.52,1.23,2.02
LAM,706,44385,16.45,36498.25,7.82,0.42,87.47,0.07,2.14,2.08
YODER,707,44245,16.40,36514.65,98.11,0.14,0.18,0.18,0.71,0.68
MCCULLOUGH,708,44123,16.36,36531.01,75.87,20.44,0.39,0.38,1.41,1.51
LESTER,709,43919,16.28,36547.29,77.72,18.10,0.29,1.08,1.32,1.49
SANTANA,710,43875,16.26,36563.55,6.20,1.14,0.45,0.19,0.88,91.13
VALENZUELA,711,43770,16.23,36579.78,5.55,0.21,2.36,2.06,0.63,89.18
WINTERS,712,43762,16.22,36596.00,81.09,14.47,0.53,0.71,1.57,1.64
BARRERA,713,43720,16.21,36612.21,5.79,0.24,1.34,0.19,0.40,92.03
LEACH,714,43666,16.19,36628.39,82.67,13.26,0.44,0.79,1.40,1.44
ORR,714,43666,16.19,36644.58,81.82,13.99,0.58,0.71,1.41,1.49
BERGER,716,43556,16.15,36660.73,93.90,2.39,0.49,0.35,1.18,1.69
MCKEE,717,43555,16.15,36676.87,89.46,6.28,0.51,0.84,1.49,1.42
STRONG,718,43430,16.10,36692.97,69.40,25.19,0.53,1.44,1.73,1.72
CONWAY,719,43395,16.09,36709.06,83.65,12.16,0.43,0.65,1.49,1.62
STEIN,720,43331,16.06,36725.12,95.59,0.90,0.51,0.29,1.10,1.63
WHITEHEAD,721,43310,16.05,36741.17,72.87,23.30,0.32,0.67,1.36,1.47
BULLOCK,722,43021,15.95,36757.12,64.13,32.00,0.33,0.53,1.66,1.34
ESCOBAR,723,42955,15.92,36773.05,6.32,0.46,1.83,0.29,0.54,90.56
KNOX,724,42937,15.92,36788.96,65.71,30.25,0.37,0.65,1.62,1.40
MEADOWS,725,42884,15.90,36804.86,82.93,13.59,0.27,0.42,1.42,1.36
SOLOMON,726,42839,15.88,36820.74,62.53,29.65,2.21,1.21,2.20,2.20
VELEZ,727,42820,15.87,36836.61,7.22,0.97,0.80,0.09,0.57,90.35
ODONNELL,728,42802,15.87,36852.48,96.46,0.38,0.47,0.18,1.01,1.51
KERR,729,42758,15.85,36868.33,89.19,6.31,0.64,0.56,1.63,1.67
STOUT,730,42669,15.82,36884.15,93.47,2.19,0.39,0.82,1.46,1.68
BLANKENSHIP,731,42663,15.82,36899.96,94.98,1.80,0.25,0.67,1.25,1.04
BROWNING,732,42642,15.81,36915.77,88.99,7.06,0.42,0.73,1.33,1.47
KENT,733,42597,15.79,36931.56,86.06,9.88,0.62,0.59,1.48,1.37
LOZANO,734,42567,15.78,36947.34,6.60,0.26,1.66,0.26,0.44,90.78
BARTLETT,735,42512,15.76,36963.10,92.43,3.37,0.50,0.54,1.47,1.69
PRUITT,736,42463,15.74,36978.84,75.13,20.80,0.25,0.74,1.68,1.40
BUCK,737,42441,15.73,36994.57,89.86,5.42,0.62,1.42,1.38,1.30
BARR,738,42432,15.73,37010.30,84.99,10.98,0.49,0.91,1.16,1.48
GAINES,739,42369,15.71,37026.01,45.12,50.27,0.32,0.56,2.06,1.67
DURHAM,740,42365,15.70,37041.71,75.50,20.74,0.32,0.60,1.54,1.31
GENTRY,741,42357,15.70,37057.41,84.11,11.83,0.31,0.63,1.51,1.60
MCINTYRE,742,42335,15.69,37073.11,81.17,15.14,0.47,0.41,1.31,1.50
SLOAN,743,42281,15.67,37088.78,81.91,13.08,0.42,1.58,1.44,1.57
MELENDEZ,744,42139,15.62,37104.40,5.63,1.00,0.46,0.31,0.56,92.04
ROCHA,744,42139,15.62,37120.02,17.47,0.42,0.58,0.37,2.05,79.11
HERMAN,746,42091,15.60,37135.63,92.35,3.01,0.64,0.94,1.10,1.96
SEXTON,747,42080,15.60,37151.22,92.92,3.38,0.33,0.73,1.25,1.39
MOON,748,42062,15.59,37166.82,70.43,10.28,14.85,1.05,1.89,1.50
HENDRICKS,749,41879,15.52,37182.34,78.17,16.55,0.53,1.26,1.77,1.72
RANGEL,750,41868,15.52,37197.86,6.08,0.23,0.26,0.26,0.40,92.77
STARK,751,41863,15.52,37213.38,93.71,2.40,0.47,0.70,1.22,1.49
LOWERY,752,41670,15.45,37228.83,70.35,22.05,0.27,4.39,1.64,1.30
HARDIN,753,41664,15.44,37244.27,79.56,15.62,0.36,1.29,1.69,1.47
HULL,754,41656,15.44,37259.71,87.34,8.23,0.45,0.79,1.44,1.75
SELLERS,755,41561,15.41,37275.12,78.89,16.91,0.42,0.90,1.42,1.46
ELLISON,756,41459,15.37,37290.49,68.41,27.61,0.40,0.64,1.54,1.40
CALHOUN,757,41452,15.37,37305.85,64.38,31.86,0.38,0.47,1.70,1.21
GILLESPIE,758,41393,15.34,37321.20,83.59,12.80,0.33,0.55,1.18,1.56
MORA,759,41348,15.33,37336.53,8.64,0.42,1.05,0.36,0.40,89.12
KNAPP,760,41267,15.30,37351.82,95.90,0.55,0.39,0.50,1.14,1.52
MCCALL,761,41231,15.28,37367.11,68.45,27.69,0.35,0.44,1.52,1.56
MORSE,762,41112,15.24,37382.35,91.55,4.35,0.61,0.52,1.55,1.42
DORSEY,763,41104,15.24,37397.59,43.97,51.81,0.29,0.44,2.27,1.22
WEEKS,764,41053,15.22,37412.80,86.04,9.64,0.49,0.78,1.41,1.64
NIELSEN,765,41007,15.20,37428.00,95.63,0.29,0.65,0.50,1.23,1.70
LIVINGSTON,766,40964,15.19,37443.19,74.69,19.78,0.48,1.83,1.53,1.69
LEBLANC,767,40923,15.17,37458.36,88.09,7.94,0.36,0.58,1.27,1.76
MCLEAN,768,40871,15.15,37473.51,70.60,24.80,0.46,0.54,1.80,1.79
BRADSHAW,769,40794,15.12,37488.63,80.46,15.58,0.35,0.53,1.52,1.56
GLASS,770,40724,15.10,37503.73,79.39,16.46,0.40,0.85,1.42,1.47
MIDDLETON,771,40708,15.09,37518.82,69.30,27.04,0.34,0.45,1.58,1.28
BUCKLEY,772,40706,15.09,37533.91,85.21,10.72,0.46,0.64,1.25,1.71
SCHAEFER,773,40663,15.07,37548.98,96.61,0.38,0.51,0.29,0.95,1.26
FROST,774,40582,15.04,37564.03,88.00,7.34,0.60,0.88,1.68,1.50
HOWE,775,40555,15.03,37579.06,92.25,2.77,0.76,1.22,1.52,1.48
HOUSE,776,40477,15.00,37594.06,77.33,17.85,0.35,1.61,1.56,1.30
MCINTOSH,777,40453,15.00,37609.06,72.78,22.22,0.37,1.14,1.96,1.52
HO,778,40413,14.98,37624.04,2.69,0.26,93.08,0.06,2.99,0.92
PENNINGTON,779,40339,14.95,37639.00,89.36,7.05,0.32,0.53,1.46,1.29
REILLY,780,40310,14.94,37653.94,96.07,0.56,0.54,0.14,1.04,1.66
HEBERT,781,40283,14.93,37668.87,91.99,4.74,0.29,0.41,1.11,1.45
MCFARLAND,782,40244,14.92,37683.79,80.85,15.39,0.45,0.51,1.33,1.47
HICKMAN,783,40224,14.91,37698.70,77.49,17.87,0.38,1.12,1.60,1.53
NOBLE,784,40217,14.91,37713.61,80.83,13.46,1.07,0.66,1.80,2.17
SPEARS,785,40203,14.90,37728.51,69.54,25.63,0.32,1.40,1.73,1.37
CONRAD,786,40102,14.87,37743.38,93.61,2.82,0.50,0.59,1.07,1.41
ARIAS,787,40086,14.86,37758.24,5.80,0.38,0.94,0.22,0.46,92.21
GALVAN,788,40046,14.84,37773.08,6.87,0.21,0.61,0.39,0.37,91.54
VELAZQUEZ,789,40030,14.84,37787.92,3.96,0.51,0.13,0.21,0.28,94.89
HUYNH,790,40011,14.83,37802.75,1.02,0.11,96.17,0.03,2.04,0.63
FREDERICK,791,39909,14.79,37817.55,82.90,12.80,0.49,0.79,1.49,1.53
RANDOLPH,792,39742,14.73,37832.28,58.20,37.29,0.40,0.69,2.06,1.38
CANTU,793,39601,14.68,37846.96,7.67,0.54,0.16,0.26,0.40,90.96
FITZPATRICK,794,39501,14.64,37861.60,87.12,9.21,0.50,0.37,1.22,1.58
MAHONEY,795,39440,14.62,37876.22,92.62,4.09,0.47,0.24,1.16,1.42
PECK,796,39432,14.62,37890.84,92.39,3.45,0.66,0.48,1.38,1.63
VILLA,797,39402,14.61,37905.45,10.17,0.43,2.09,0.41,0.64,86.25
MICHAEL,798,39369,14.59,37920.04,86.36,7.62,1.13,0.73,1.93,2.23
DONOVAN,799,39270,14.56,37934.60,94.59,1.70,0.53,0.23,1.08,1.87
MCCONNELL,800,39203,14.53,37949.13,90.56,5.67,0.41,0.72,1.40,1.24
WALLS,801,39166,14.52,37963.65,70.97,25.00,0.28,0.66,1.65,1.43
BOYLE,802,39141,14.51,37978.16,95.02,1.83,0.42,0.30,0.89,1.54
MAYER,803,39111,14.50,37992.66,94.55,1.17,0.66,0.30,1.13,2.19
ZUNIGA,804,39057,14.48,38007.13,4.57,0.42,0.76,0.29,0.34,93.62
GILES,805,39002,14.46,38021.59,67.59,26.14,0.35,0.50,1.65,3.77
PINEDA,806,38999,14.46,38036.05,4.29,0.35,5.46,0.15,0.52,89.23
PACE,807,38975,14.45,38050.50,80.08,15.91,0.47,0.43,1.52,1.59
HURLEY,808,38971,14.45,38064.94,91.90,4.48,0.52,0.62,1.24,1.24
MAYS,809,38914,14.43,38079.37,57.59,38.43,0.28,0.47,1.85,1.37
MCMILLAN,810,38896,14.42,38093.79,70.88,24.45,0.42,1.16,1.76,1.33
CROSBY,811,38844,14.40,38108.19,72.62,23.10,0.42,0.79,1.44,1.63
AYERS,812,38836,14.40,38122.58,85.00,11.37,0.44,0.43,1.55,1.21
CASE,813,38759,14.37,38136.95,93.55,2.00,0.58,1.04,1.34,1.49
BENTLEY,814,38714,14.35,38151.30,84.00,12.12,0.43,0.45,1.40,1.61
SHEPARD,815,38705,14.35,38165.65,78.43,17.14,0.43,0.90,1.48,1.62
EVERETT,816,38702,14.35,38180.00,71.64,23.31,0.39,0.63,1.60,2.43
PUGH,817,38691,14.34,38194.34,69.78,26.94,0.36,0.40,1.32,1.20
DAVID,818,38659,14.33,38208.67,65.29,13.75,10.50,1.84,2.60,6.03
MCMAHON,819,38557,14.29,38222.96,94.85,1.97,0.49,0.22,1.05,1.42
DUNLAP,820,38516,14.28,38237.24,77.58,18.61,0.32,0.61,1.49,1.39
BENDER,821,38464,14.26,38251.50,90.21,6.15,0.46,0.61,1.27,1.29
HAHN,822,38354,14.22,38265.72,91.64,0.38,5.20,0.28,1.24,1.27
HARDING,823,38340,14.21,38279.93,82.19,13.20,0.55,0.81,1.64,1.62
ACEVEDO,824,38232,14.17,38294.10,5.58,0.67,0.40,0.23,0.49,92.63
RAYMOND,825,38158,14.15,38308.25,82.76,11.12,0.79,0.88,2.08,2.38
BLACKBURN,826,38137,14.14,38322.38,88.90,7.01,0.37,0.83,1.47,1.41
DUFFY,827,37962,14.07,38336.46,92.13,4.13,0.62,0.47,1.16,1.50
LANDRY,828,37961,14.07,38350.53,84.84,11.98,0.39,0.37,1.18,1.23
DOUGHERTY,829,37903,14.05,38364.58,95.88,1.00,0.42,0.29,0.93,1.49
BAUTISTA,830,37847,14.03,38378.61,3.76,0.30,22.04,0.49,1.85,71.56
SHAH,831,37833,14.02,38392.63,4.05,1.14,87.80,0.24,5.88,0.89
POTTS,832,37687,13.97,38406.60,81.77,13.81,0.41,1.25,1.45,1.30
ARROYO,833,37678,13.97,38420.57,5.26,0.68,1.01,0.18,0.38,92.48
VALENTINE,834,37669,13.96,38434.54,68.97,22.19,0.45,0.54,1.77,6.07
MEZA,835,37662,13.96,38448.50,4.25,0.29,0.17,0.30,0.25,94.73
GOULD,836,37660,13.96,38462.46,88.59,6.70,0.53,1.29,1.46,1.42
VAUGHAN,837,37591,13.93,38476.39,84.03,12.38,0.37,0.49,1.33,1.39
FRY,838,37542,13.92,38490.31,92.60,3.13,0.50,0.90,1.43,1.45
RUSH,839,37470,13.89,38504.20,76.89,19.33,0.41,0.58,1.32,1.47
AVERY,840,37440,13.88,38518.08,72.69,23.06,0.44,0.73,1.67,1.42
HERRING,841,37353,13.85,38531.92,74.74,21.57,0.39,0.39,1.41,1.50
DODSON,842,37298,13.83,38545.75,83.09,12.23,0.42,1.13,1.61,1.51
CLEMENTS,843,37237,13.80,38559.55,86.47,9.71,0.38,0.55,1.44,1.46
SAMPSON,844,37234,13.80,38573.36,62.78,28.87,0.62,3.81,2.16,1.76
TAPIA,845,37201,13.79,38587.15,5.19,0.29,0.66,0.53,0.47,92.87
BEAN,846,37145,13.77,38600.92,83.01,12.77,0.45,0.86,1.48,1.45
LYNN,847,37125,13.76,38614.68,86.49,8.78,0.96,0.68,1.40,1.68
CRANE,848,37123,13.76,38628.44,91.58,4.27,0.54,0.68,1.30,1.62
FARLEY,849,37116,13.76,38642.20,85.58,10.34,0.43,0.75,1.39,1.52
CISNEROS,850,37050,13.73,38655.93,4.98,0.27,0.18,0.22,0.31,94.05
BENTON,851,37032,13.73,38669.66,71.59,23.99,0.44,0.82,1.68,1.49
ASHLEY,852,37021,13.72,38683.38,74.37,19.60,0.39,2.36,1.70,1.58
MCKAY,853,36948,13.70,38697.08,82.16,12.95,0.52,1.11,1.64,1.63
FINLEY,854,36874,13.67,38710.75,74.74,20.65,0.42,1.20,1.58,1.41
BEST,855,36862,13.66,38724.41,73.73,22.04,0.33,0.53,1.48,1.88
BLEVINS,856,36841,13.66,38738.07,91.10,4.76,0.29,1.03,1.67,1.15
FRIEDMAN,857,36833,13.65,38751.72,96.54,0.46,0.40,0.11,1.26,1.22
MOSES,858,36814,13.65,38765.37,57.92,33.80,1.50,2.86,2.24,1.68
SOSA,859,36813,13.65,38779.02,5.76,0.44,0.65,0.21,0.49,92.45
BLANCHARD,860,36764,13.63,38792.65,87.06,8.63,0.41,0.86,1.38,1.67
HUBER,861,36729,13.62,38806.26,96.62,0.35,0.45,0.31,0.98,1.30
FRYE,862,36716,13.61,38819.87,84.31,11.53,0.41,0.92,1.49,1.35
KRUEGER,863,36694,13.60,38833.47,97.06,0.16,0.43,0.29,0.90,1.15
BERNARD,864,36546,13.55,38847.02,67.36,23.32,0.77,0.73,2.20,5.62
ROSARIO,865,36539,13.54,38860.57,6.17,1.69,4.11,0.16,1.09,86.79
RUBIO,866,36531,13.54,38874.11,6.40,0.39,1.85,0.42,0.53,90.41
MULLEN,867,36442,13.51,38887.62,89.68,6.41,0.58,0.56,1.24,1.54
BENJAMIN,868,36439,13.51,38901.13,53.29,39.24,1.82,0.94,2.37,2.35
HALEY,869,36433,13.51,38914.63,83.27,12.90,0.40,0.66,1.36,1.41
CHUNG,870,36422,13.50,38928.13,2.34,1.93,91.02,0.04,3.62,1.05
MOYER,871,36421,13.50,38941.63,94.94,2.26,0.41,0.35,0.95,1.09
CHOI,872,36390,13.49,38955.12,1.50,0.15,96.46,0.03,1.51,0.35
HORNE,873,36288,13.45,38968.58,73.44,22.96,0.42,0.54,1.39,1.25
YU,874,36285,13.45,38982.03,1.45,(S),96.22,(S),1.68,0.56
WOODWARD,875,36242,13.43,38995.46,91.25,4.72,0.59,0.54,1.42,1.49
ALI,876,36079,13.37,39008.84,15.25,21.83,41.90,0.58,17.49,2.95
NIXON,877,36037,13.36,39022.19,65.46,29.85,0.42,0.64,1.75,1.89
HAYDEN,878,36024,13.35,39035.55,82.78,13.35,0.44,0.39,1.66,1.39
RIVERS,879,35980,13.34,39048.89,42.48,50.21,0.54,1.98,2.26,2.53
ESTES,880,35839,13.29,39062.17,88.53,6.72,0.46,1.18,1.49,1.63
MCCARTY,881,35718,13.24,39075.41,90.18,5.82,0.34,0.81,1.37,1.49
RICHMOND,882,35715,13.24,39088.65,74.23,21.73,0.46,0.59,1.67,1.32
STUART,883,35701,13.23,39101.89,85.41,9.81,0.46,0.53,1.66,2.14
MAYNARD,884,35648,13.21,39115.10,88.94,6.64,0.35,0.73,1.37,1.96
BRANDT,885,35616,13.20,39128.30,95.56,0.80,0.54,0.34,1.08,1.69
OCONNELL,886,35610,13.20,39141.50,96.43,0.29,0.50,0.20,1.12,1.45
HANNA,887,35599,13.20,39154.70,87.38,6.46,0.61,0.63,3.14,1.77
SANFORD,888,35565,13.18,39167.88,78.41,17.36,0.41,0.62,1.60,1.60
SHEPPARD,889,35554,13.18,39181.06,70.37,25.26,0.39,0.70,1.56,1.72
CHURCH,890,35539,13.17,39194.24,90.86,5.22,0.37,0.70,1.41,1.44
BURCH,891,35521,13.17,39207.41,80.58,14.86,0.46,0.82,1.56,1.73
LEVY,892,35464,13.15,39220.55,82.60,11.23,0.62,0.17,1.77,3.60
RASMUSSEN,893,35453,13.14,39233.69,96.02,0.20,0.67,0.32,1.18,1.62
COFFEY,894,35442,13.14,39246.83,89.96,6.37,0.39,0.62,1.31,1.36
PONCE,895,35400,13.12,39259.96,6.34,0.36,1.93,0.22,0.49,90.66
FAULKNER,896,35389,13.12,39273.07,81.58,14.54,0.41,0.52,1.44,1.50
DONALDSON,897,35387,13.12,39286.19,74.70,21.23,0.42,0.44,1.66,1.55
SCHMITT,898,35326,13.10,39299.29,96.82,0.19,0.42,0.32,0.88,1.37
NOVAK,899,35282,13.08,39312.37,96.84,0.27,0.44,0.24,0.95,1.26
COSTA,900,35227,13.06,39325.42,83.35,1.21,1.38,0.36,5.22,8.48
MONTES,901,35196,13.05,39338.47,5.88,0.61,0.83,0.36,0.48,91.83
BOOKER,902,35101,13.01,39351.48,30.09,65.57,0.18,0.33,2.34,1.49
CORDOVA,903,35074,13.00,39364.48,11.18,0.64,1.29,0.84,0.72,85.32
WALLER,904,35001,12.97,39377.46,71.82,24.64,0.38,0.39,1.52,1.26
ARELLANO,905,34999,12.97,39390.43,5.02,0.15,2.78,0.30,0.52,91.23
MADDOX,906,34970,12.96,39403.40,72.36,23.99,0.27,0.58,1.56,1.23
MATA,907,34888,12.93,39416.33,6.15,0.21,2.42,0.35,0.82,90.05
BONILLA,908,34824,12.91,39429.24,5.49,0.85,1.14,0.19,0.53,91.81
STANTON,909,34812,12.90,39442.14,84.09,11.72,0.48,0.64,1.53,1.54
COMPTON,910,34788,12.90,39455.04,88.96,7.22,0.34,0.74,1.22,1.51
KAUFMAN,911,34786,12.90,39467.93,95.77,1.31,0.46,0.23,0.93,1.29
DUDLEY,912,34770,12.89,39480.82,68.68,26.99,0.40,0.65,1.69,1.59
MCPHERSON,913,34763,12.89,39493.71,76.90,18.88,0.43,0.67,1.70,1.43
BELTRAN,914,34736,12.88,39506.59,5.93,0.30,3.49,0.28,0.50,89.50
DICKSON,915,34698,12.86,39519.45,78.17,16.55,0.53,1.25,1.59,1.91
MCCANN,916,34692,12.86,39532.31,91.23,5.39,0.49,0.40,1.12,1.38
VILLEGAS,917,34684,12.86,39545.17,4.47,0.33,3.20,0.39,0.49,91.11
PROCTOR,918,34682,12.86,39558.02,72.28,21.24,0.41,2.25,2.32,1.50
HESTER,919,34675,12.85,39570.88,75.85,20.78,0.42,0.37,1.45,1.14
CANTRELL,920,34674,12.85,39583.73,91.12,4.65,0.36,1.28,1.22,1.37
DAUGHERTY,921,34650,12.84,39596.58,91.64,4.17,0.43,0.98,1.43,1.34
CHERRY,922,34615,12.83,39609.41,60.87,34.98,0.51,0.44,1.81,1.38
BRAY,923,34575,12.82,39622.22,83.07,12.27,0.47,0.82,1.62,1.75
DAVILA,924,34541,12.80,39635.03,6.71,0.72,0.35,0.21,0.41,91.60
ROWLAND,925,34498,12.79,39647.82,88.72,6.97,0.47,0.99,1.37,1.48
LEVINE,926,34472,12.78,39660.60,92.54,3.96,0.45,0.15,1.04,1.87
MADDEN,926,34472,12.78,39673.37,86.70,9.78,0.46,0.39,1.37,1.29
SPENCE,928,34435,12.76,39686.14,75.73,19.67,0.46,0.58,1.74,1.81
GOOD,929,34430,12.76,39698.90,91.30,5.11,0.48,0.44,1.18,1.47
IRWIN,930,34374,12.74,39711.64,93.92,2.15,0.49,0.66,1.31,1.47
WERNER,931,34352,12.73,39724.38,96.40,0.37,0.59,0.27,0.97,1.39
KRAUSE,932,34345,12.73,39737.11,96.58,0.39,0.51,0.36,0.85,1.30
PETTY,933,34278,12.71,39749.82,75.78,20.32,0.33,0.56,1.56,1.46
WHITNEY,934,34251,12.70,39762.51,87.11,8.41,0.72,0.66,1.46,1.64
BAIRD,935,34233,12.69,39775.20,93.10,2.99,0.56,0.61,1.23,1.50
HOOPER,936,34084,12.63,39787.84,81.92,13.06,0.47,1.19,1.57,1.80
POLLARD,937,34079,12.63,39800.47,65.10,30.34,0.46,0.49,2.08,1.54
ZAVALA,938,34068,12.63,39813.10,4.10,0.17,0.16,0.16,0.31,95.10
JARVIS,939,34050,12.62,39825.72,87.02,8.40,0.45,0.50,1.69,1.94
HOLDEN,940,34041,12.62,39838.34,78.91,16.90,0.37,0.85,1.55,1.41
HAAS,941,34032,12.62,39850.96,96.67,0.23,0.42,0.37,0.92,1.39
HENDRIX,941,34032,12.62,39863.57,80.35,15.49,0.32,0.71,1.77,1.35
MCGRATH,943,34031,12.62,39876.19,95.91,0.59,0.51,0.38,0.99,1.61
BIRD,944,33962,12.59,39888.78,90.03,3.09,0.74,2.63,1.58,1.92
LUCERO,945,33922,12.57,39901.35,11.88,0.22,2.46,3.08,0.88,81.49
TERRELL,946,33914,12.57,39913.92,57.43,38.31,0.27,0.77,1.75,1.47
RIGGS,947,33868,12.55,39926.48,89.44,5.83,0.34,1.46,1.48,1.44
JOYCE,948,33843,12.55,39939.02,89.32,7.51,0.49,0.29,1.17,1.22
MERCER,949,33797,12.53,39951.55,83.74,12.35,0.39,0.64,1.27,1.61
ROLLINS,949,33797,12.53,39964.08,70.86,25.07,0.31,0.53,1.64,1.59
GALLOWAY,951,33773,12.52,39976.60,72.10,23.51,0.40,0.55,1.65,1.79
DUKE,952,33745,12.51,39989.11,87.36,7.93,0.53,0.52,1.37,2.28
ODOM,953,33717,12.50,40001.61,71.30,25.06,0.35,0.58,1.46,1.25
ANDERSEN,954,33508,12.42,40014.03,95.51,0.57,0.63,0.41,1.16,1.72
DOWNS,955,33494,12.42,40026.45,85.69,9.75,0.39,0.61,1.37,2.19
HATFIELD,956,33464,12.41,40038.85,93.68,2.77,0.36,0.61,1.32,1.26
BENITEZ,957,33441,12.40,40051.25,4.97,0.53,1.84,0.12,0.44,92.11
ARCHER,958,33411,12.39,40063.63,81.90,12.99,0.43,0.65,1.96,2.07
HUERTA,959,33348,12.36,40075.99,4.44,0.22,0.30,0.19,0.25,94.60
TRAVIS,960,33339,12.36,40088.35,76.04,20.02,0.49,0.42,1.45,1.58
MCNEIL,961,33239,12.32,40100.68,55.32,40.80,0.30,0.67,1.57,1.34
HINTON,962,33209,12.31,40112.99,55.63,40.04,0.31,1.14,1.70,1.18
ZHANG,963,33202,12.31,40125.29,0.61,0.09,98.16,0.02,0.96,0.16
HAYS,964,33194,12.30,40137.60,92.62,3.52,0.44,0.60,1.32,1.50
MAYO,965,33126,12.28,40149.88,67.05,22.51,1.74,0.91,1.91,5.87
FRITZ,966,33068,12.26,40162.14,94.65,2.10,0.45,0.41,0.94,1.45
BRANCH,967,33040,12.25,40174.38,49.23,46.39,0.27,0.49,1.76,1.86
MOONEY,968,32953,12.22,40186.60,92.39,3.97,0.49,0.60,1.26,1.29
EWING,969,32925,12.21,40198.80,78.68,17.11,0.56,0.43,1.57,1.64
RITTER,970,32864,12.18,40210.99,94.11,2.86,0.36,0.38,1.10,1.20
ESPARZA,971,32772,12.15,40223.14,5.40,0.14,0.15,0.35,0.23,93.72
FREY,972,32735,12.13,40235.27,96.24,0.87,0.43,0.29,0.97,1.20
BRAUN,973,32676,12.11,40247.38,95.97,0.50,0.54,0.24,0.96,1.78
GAY,974,32672,12.11,40259.50,73.81,21.50,0.65,0.74,1.46,1.84
RIDDLE,975,32654,12.10,40271.60,89.84,5.62,0.42,1.06,1.64,1.43
HANEY,976,32644,12.10,40283.70,88.96,7.03,0.36,0.82,1.51,1.31
KAISER,977,32567,12.07,40295.77,94.64,1.69,0.70,0.48,1.09,1.40
HOLDER,978,32466,12.04,40307.81,76.28,18.99,0.40,0.79,1.80,1.75
CHANEY,979,32433,12.02,40319.83,73.58,22.34,0.38,0.81,1.56,1.34
MCKNIGHT,980,32386,12.01,40331.84,62.47,33.86,0.38,0.42,1.62,1.24
GAMBLE,981,32377,12.00,40343.84,59.63,35.93,0.40,0.89,1.68,1.47
VANG,982,32333,11.99,40355.82,1.44,0.15,92.90,0.05,4.83,0.63
COOLEY,983,32287,11.97,40367.79,80.16,16.22,0.36,0.85,1.26,1.16
CARNEY,984,32282,11.97,40379.76,87.32,8.39,0.50,0.96,1.25,1.57
COWAN,985,32242,11.95,40391.71,81.67,14.38,0.42,0.58,1.39,1.55
FORBES,986,32228,11.95,40403.66,74.24,20.26,0.60,0.53,1.89,2.48
FERRELL,987,32174,11.93,40415.59,76.95,19.21,0.35,0.43,1.40,1.66
DAVIES,988,32165,11.92,40427.51,91.34,5.01,0.59,0.31,1.28,1.46
BARAJAS,989,32147,11.92,40439.43,3.28,0.17,0.17,0.18,0.23,95.97
SHEA,990,32069,11.89,40451.31,95.74,0.34,1.35,0.21,0.97,1.40
OSBORN,991,32044,11.88,40463.19,92.72,2.85,0.51,0.79,1.49,1.64
BRIGHT,992,32042,11.88,40475.07,73.21,22.33,0.72,0.62,1.67,1.44
CUEVAS,993,32015,11.87,40486.94,9.04,0.34,1.85,0.22,0.49,88.05
BOLTON,994,31995,11.86,40498.80,75.55,20.39,0.39,0.54,1.51,1.62
MURILLO,995,31964,11.85,40510.65,4.81,0.30,0.87,0.39,0.49,93.13
LUTZ,996,31940,11.84,40522.49,96.18,0.54,0.44,0.23,0.95,1.64
DUARTE,997,31896,11.82,40534.31,18.08,1.31,1.02,0.30,2.73,76.56
KIDD,998,31886,11.82,40546.13,76.98,18.85,0.84,0.52,1.65,1.16
KEY,999,31882,11.82,40557.95,71.31,23.70,0.72,0.90,1.68,1.69
COOKE,1000,31860,11.81,40569.76,80.50,15.06,0.44,1.16,1.37,1.47
GOFF,1001,31806,11.79,40581.55,88.96,7.25,0.42,0.47,1.29,1.62
DEJESUS,1002,31803,11.79,40593.34,6.43,1.61,7.75,0.23,1.16,82.81
MARIN,1003,31786,11.78,40605.12,14.74,1.21,0.71,0.22,0.55,82.57
DOTSON,1004,31784,11.78,40616.91,70.32,25.84,0.29,0.59,1.64,1.32
BONNER,1005,31761,11.77,40628.68,56.25,39.74,0.38,0.38,1.85,1.41
COTTON,1006,31759,11.77,40640.45,53.59,41.92,0.29,0.77,1.90,1.53
MERRILL,1007,31758,11.77,40652.22,91.74,3.91,0.54,0.92,1.36,1.54
LINDSAY,1008,31744,11.77,40663.99,75.11,20.51,0.49,0.55,1.76,1.58
LANCASTER,1009,31686,11.75,40675.74,85.89,9.64,0.53,0.64,1.64,1.66
MCGOWAN,1010,31669,11.74,40687.48,77.96,18.69,0.35,0.40,1.28,1.32
FELIX,1011,31631,11.73,40699.20,21.19,11.15,2.61,0.97,1.73,62.35
SALGADO,1012,31627,11.72,40710.93,4.56,0.28,1.42,0.42,0.43,92.88
SLATER,1013,31569,11.70,40722.63,81.47,14.41,0.45,0.69,1.35,1.63
CARVER,1014,31566,11.70,40734.33,90.64,5.51,0.32,0.61,1.34,1.59
GUTHRIE,1015,31530,11.69,40746.02,89.92,5.53,0.44,1.25,1.41,1.46
HOLMAN,1016,31514,11.68,40757.70,72.27,23.26,0.29,0.69,1.79,1.70
FULTON,1017,31513,11.68,40769.38,74.06,21.56,0.46,0.95,1.42,1.55
SNIDER,1018,31418,11.65,40781.03,93.71,2.66,0.45,0.73,1.24,1.21
SEARS,1019,31387,11.64,40792.66,84.68,10.85,0.43,0.83,1.65,1.57
WITT,1020,31360,11.63,40804.29,93.04,3.29,0.39,0.63,1.06,1.59
NEWELL,1021,31317,11.61,40815.90,81.55,14.44,0.40,0.65,1.28,1.67
BYERS,1022,31299,11.60,40827.50,82.91,13.39,0.42,0.55,1.41,1.33
LEHMAN,1023,31296,11.60,40839.10,96.36,0.70,0.48,0.35,0.91,1.20
GORMAN,1024,31285,11.60,40850.70,91.48,3.11,0.42,1.94,1.21,1.83
COSTELLO,1025,31266,11.59,40862.29,91.81,1.33,0.54,0.37,1.47,4.48
DONAHUE,1026,31251,11.58,40873.87,93.76,2.72,0.40,0.72,0.98,1.42
DELANEY,1027,31236,11.58,40885.45,85.31,10.89,0.49,0.35,1.35,1.61
ALBERT,1028,31159,11.55,40897.00,80.36,12.39,1.12,1.44,1.56,3.13
WORKMAN,1029,31151,11.55,40908.55,91.28,4.83,0.36,0.74,1.35,1.43
ROSAS,1030,31050,11.51,40920.06,4.73,0.24,0.53,0.18,0.33,93.99
SPRINGER,1031,31044,11.51,40931.57,85.65,9.61,0.52,0.73,1.76,1.74
JUSTICE,1032,30956,11.48,40943.05,87.72,8.87,0.33,0.68,1.41,0.99
KINNEY,1032,30956,11.48,40954.52,87.58,7.37,0.69,1.27,1.60,1.49
ODELL,1034,30951,11.47,40965.99,93.29,2.05,0.52,0.75,1.62,1.77
LAKE,1035,30924,11.46,40977.46,83.56,11.32,0.71,1.14,1.46,1.80
DONNELLY,1036,30919,11.46,40988.92,95.46,1.13,0.50,0.26,1.03,1.61
LAW,1037,30900,11.45,41000.37,68.50,15.12,13.17,0.33,1.61,1.28
DAILEY,1038,30894,11.45,41011.83,79.67,16.05,0.37,0.84,1.45,1.61
GUEVARA,1039,30844,11.43,41023.26,5.14,0.49,2.98,0.33,0.65,90.42
SHOEMAKER,1040,30756,11.40,41034.66,94.82,2.02,0.39,0.51,1.09,1.17
BARLOW,1041,30749,11.40,41046.06,82.57,13.09,0.42,1.13,1.49,1.31
MARINO,1042,30735,11.39,41057.45,87.16,0.63,0.90,0.20,1.25,9.86
WINTER,1043,30721,11.39,41068.84,94.61,1.89,0.52,0.35,1.02,1.61
CRAFT,1044,30653,11.36,41080.20,82.89,13.88,0.30,0.44,1.43,1.06
KATZ,1045,30615,11.35,41091.55,96.32,0.35,0.56,0.06,1.09,1.62
PICKETT,1046,30552,11.33,41102.88,67.70,28.89,0.34,0.45,1.28,1.34
ESPINOSA,1047,30538,11.32,41114.20,9.10,0.49,3.42,0.40,0.57,86.03
DALY,1048,30434,11.28,41125.48,92.85,3.18,0.62,0.19,1.00,2.16
MALONEY,1048,30434,11.28,41136.76,93.23,2.99,0.42,0.78,1.16,1.42
GOLDSTEIN,1050,30429,11.28,41148.04,95.96,0.72,0.59,0.04,1.06,1.64
CROWLEY,1051,30416,11.28,41159.32,91.49,5.08,0.51,0.31,1.27,1.33
VOGEL,1052,30388,11.26,41170.58,96.40,0.36,0.47,0.27,1.02,1.48
KUHN,1053,30342,11.25,41181.83,96.29,0.51,0.52,0.30,0.94,1.44
PEARCE,1054,30276,11.22,41193.05,90.57,5.59,0.44,0.63,1.29,1.48
HARTLEY,1055,30236,11.21,41204.26,90.68,5.78,0.40,0.40,1.36,1.38
CLEVELAND,1056,30233,11.21,41215.47,68.37,25.20,0.44,2.89,1.66,1.44
PALACIOS,1057,30231,11.21,41226.68,5.22,0.47,0.69,0.22,0.38,93.03
MCFADDEN,1058,30205,11.20,41237.87,63.18,33.42,0.36,0.29,1.52,1.22
BRITT,1059,30200,11.20,41249.07,75.76,20.46,0.35,0.71,1.33,1.38
WOOTEN,1060,30185,11.19,41260.26,67.90,28.20,0.29,0.56,1.68,1.37
CORTES,1061,30141,11.17,41271.43,8.96,1.29,2.43,0.12,0.46,86.74
DILLARD,1062,30118,11.16,41282.59,55.86,39.20,0.24,0.55,2.08,2.08
CHILDERS,1063,30079,11.15,41293.74,91.67,3.89,0.34,1.08,1.50,1.51
ALFORD,1064,30050,11.14,41304.88,66.04,29.62,0.43,0.73,1.44,1.75
DODD,1065,30029,11.13,41316.02,85.74,10.01,0.67,0.65,1.37,1.57
EMERSON,1066,30028,11.13,41327.15,86.26,8.44,0.59,1.51,1.44,1.76
WILDER,1067,30023,11.13,41338.28,69.88,25.74,0.40,0.63,1.70,1.65
LANGE,1068,29977,11.11,41349.39,95.09,1.45,0.46,0.31,1.12,1.57
GOLDBERG,1069,29968,11.11,41360.50,96.49,0.50,0.53,0.07,0.95,1.46
QUINTERO,1070,29952,11.10,41371.60,4.95,0.36,0.32,0.94,0.41,93.01
BEACH,1071,29940,11.10,41382.70,91.13,4.83,0.44,0.71,1.32,1.57
ENRIQUEZ,1072,29886,11.08,41393.78,5.28,0.59,7.78,0.43,0.66,85.25
QUINTANA,1073,29755,11.03,41404.81,9.52,0.38,1.04,1.25,0.54,87.26
HELMS,1074,29727,11.02,41415.83,92.75,4.22,0.29,0.60,1.07,1.07
MACKEY,1075,29718,11.02,41426.84,72.25,23.46,0.38,0.61,1.69,1.60
FINCH,1076,29703,11.01,41437.86,81.27,14.84,0.45,0.42,1.47,1.54
CRAMER,1077,29666,11.00,41448.85,95.22,1.22,0.50,0.49,1.18,1.39
MINOR,1078,29634,10.99,41459.84,57.59,36.61,0.55,0.37,1.71,3.17
FLANAGAN,1079,29563,10.96,41470.80,90.32,6.15,0.50,0.37,1.22,1.43
FRANKS,1080,29531,10.95,41481.74,84.16,11.59,0.42,0.74,1.62,1.47
CORONA,1081,29525,10.94,41492.69,10.94,0.24,0.25,0.23,0.39,87.94
KENDALL,1082,29524,10.94,41503.63,87.55,8.69,0.54,0.50,1.30,1.42
MCCABE,1083,29523,10.94,41514.58,92.96,1.15,0.56,2.48,1.13,1.71
HENDRICKSON,1084,29496,10.93,41525.51,93.49,2.16,0.48,0.82,1.50,1.55
MOSER,1085,29485,10.93,41536.44,95.70,1.25,0.46,0.27,1.02,1.31
MCDERMOTT,1086,29440,10.91,41547.35,94.27,2.33,0.55,0.22,1.06,1.57
CAMP,1087,29432,10.91,41558.26,86.48,9.37,0.47,0.64,1.46,1.58
MCLEOD,1088,29423,10.91,41569.17,72.86,22.65,0.40,0.73,1.64,1.72
BERNAL,1089,29418,10.91,41580.08,9.04,0.56,2.19,0.42,0.61,87.19
KAPLAN,1090,29410,10.90,41590.98,96.32,0.33,0.60,0.11,1.03,1.62
MEDRANO,1091,29386,10.89,41601.87,4.59,0.28,1.99,0.25,0.46,92.44
LUGO,1092,29328,10.87,41612.74,7.62,0.95,0.31,0.38,0.43,90.32
TRACY,1093,29316,10.87,41623.61,92.50,2.86,0.50,1.37,1.19,1.58
BACON,1094,29312,10.87,41634.48,77.16,18.05,0.72,1.27,1.36,1.44
CROWE,1095,29260,10.85,41645.32,89.45,5.24,0.36,2.13,1.56,1.26
RICHTER,1096,29233,10.84,41656.16,96.37,0.29,0.48,0.22,0.96,1.67
WELSH,1097,29217,10.83,41666.99,92.85,3.04,0.51,0.64,1.28,1.68
HOLLEY,1098,29215,10.83,41677.82,67.19,28.99,0.39,0.49,1.69,1.25
RATLIFF,1099,29142,10.80,41688.62,80.60,15.59,0.37,0.59,1.42,1.44
MAYFIELD,1100,29136,10.80,41699.42,67.34,28.60,0.28,0.59,1.84,1.36
TALLEY,1101,29082,10.78,41710.21,68.12,27.42,0.45,0.77,1.78,1.45
HAINES,1102,29065,10.77,41720.98,91.35,5.04,0.35,0.65,1.21,1.39
DALE,1103,28994,10.75,41731.73,80.27,13.64,0.67,2.03,1.60,1.79
GIBBONS,1104,28993,10.75,41742.48,85.78,9.94,0.47,0.52,1.48,1.81
HICKEY,1105,28970,10.74,41753.21,93.68,2.73,0.41,0.39,1.09,1.71
BYRNE,1106,28963,10.74,41763.95,95.94,0.33,0.49,0.21,1.00,2.03
KIRKLAND,1107,28937,10.73,41774.68,70.96,25.66,0.27,0.54,1.41,1.15
FARRIS,1108,28928,10.72,41785.40,83.55,12.13,0.34,0.81,1.61,1.56
CORREA,1109,28910,10.72,41796.12,11.00,0.91,1.80,0.30,1.94,84.05
TILLMAN,1110,28878,10.70,41806.82,47.90,47.78,0.27,0.84,1.94,1.27
SWEET,1111,28872,10.70,41817.53,87.91,7.70,0.52,0.70,1.46,1.71
KESSLER,1112,28869,10.70,41828.23,96.39,0.64,0.46,0.27,0.88,1.34
ENGLAND,1113,28861,10.70,41838.93,90.48,4.89,0.35,1.14,1.57,1.58
HEWITT,1114,28857,10.70,41849.62,85.19,10.36,0.45,0.56,1.66,1.77
BLANCO,1115,28843,10.69,41860.32,14.62,1.35,3.42,0.17,0.73,79.71
CONNOLLY,1116,28821,10.68,41871.00,96.32,0.50,0.56,0.33,1.02,1.28
PATE,1117,28804,10.68,41881.68,82.34,13.23,0.66,0.89,1.49,1.39
ELDER,1118,28783,10.67,41892.35,80.67,15.68,0.38,0.44,1.48,1.36
BRUNO,1119,28729,10.65,41903.00,79.77,5.67,0.91,0.55,1.52,11.58
HOLCOMB,1120,28668,10.63,41913.62,90.23,5.93,0.38,0.71,1.29,1.46
HYDE,1121,28604,10.60,41924.23,88.12,7.41,0.43,0.76,1.52,1.77
MCALLISTER,1122,28586,10.60,41934.82,80.55,15.61,0.42,0.46,1.32,1.64
CASH,1123,28572,10.59,41945.42,80.80,14.86,0.44,0.64,1.54,1.71
CHRISTOPHER,1124,28493,10.56,41955.98,76.74,17.44,0.95,0.36,1.90,2.61
WHITFIELD,1125,28475,10.56,41966.53,47.14,48.65,0.33,0.48,2.21,1.19
MEEKS,1126,28426,10.54,41977.07,76.09,19.72,0.25,1.08,1.61,1.25
HATCHER,1127,28424,10.54,41987.61,70.10,25.65,0.38,0.78,1.76,1.33
FINK,1128,28417,10.53,41998.14,97.00,0.28,0.50,0.26,0.82,1.14
SUTHERLAND,1128,28417,10.53,42008.68,86.49,8.37,0.56,0.83,1.68,2.07
NOEL,1130,28401,10.53,42019.20,66.16,27.40,0.73,0.56,2.82,2.32
RITCHIE,1131,28397,10.53,42029.73,93.13,2.59,0.52,0.64,1.39,1.73
ROSA,1132,28375,10.52,42040.25,32.34,1.87,1.18,0.15,3.11,61.34
LEAL,1133,28248,10.47,42050.72,14.17,0.57,0.89,0.27,1.08,83.02
JOYNER,1134,28216,10.46,42061.18,55.61,41.05,0.27,0.29,1.56,1.22
STARR,1135,28210,10.46,42071.64,85.35,7.74,0.49,2.98,1.65,1.79
MORIN,1136,28184,10.45,42082.08,72.99,0.87,1.71,2.13,1.38,20.93
DELAROSA,1137,28134,10.43,42092.51,5.92,0.54,4.85,0.33,0.59,87.77
CONNOR,1138,28107,10.42,42102.93,83.70,11.99,0.54,0.57,1.53,1.67
HILTON,1139,28098,10.42,42113.35,80.79,14.74,0.51,0.49,1.52,1.94
ALSTON,1140,28089,10.41,42123.76,14.54,81.41,0.24,0.37,1.99,1.45
GILLIAM,1141,28075,10.41,42134.17,63.43,32.91,0.25,0.45,1.82,1.14
WYNN,1142,28048,10.40,42144.57,56.30,38.96,0.82,0.91,1.80,1.21
WILLS,1143,28036,10.39,42154.96,78.56,17.40,0.52,0.51,1.43,1.58
JARAMILLO,1144,28024,10.39,42165.35,7.81,0.18,1.07,0.94,0.56,89.45
ONEIL,1145,28020,10.39,42175.73,89.68,6.34,0.47,0.37,1.27,1.87
NIEVES,1146,28011,10.38,42186.12,6.19,1.15,0.66,0.09,0.44,91.48
BRITTON,1147,28001,10.38,42196.50,76.31,19.26,0.39,0.72,1.55,1.77
RANKIN,1148,27989,10.38,42206.87,80.76,15.17,0.48,0.45,1.41,1.73
BELCHER,1149,27947,10.36,42217.23,82.05,14.41,0.29,0.50,1.30,1.45
GUY,1150,27934,10.36,42227.59,70.34,23.85,0.95,1.37,1.81,1.68
CHAMBERLAIN,1151,27928,10.35,42237.94,89.47,5.52,0.52,0.78,1.27,2.44
TYSON,1152,27911,10.35,42248.29,55.61,40.26,0.37,0.62,1.81,1.34
PUCKETT,1153,27891,10.34,42258.63,90.30,6.02,0.41,0.60,1.41,1.27
DOWNING,1154,27879,10.33,42268.96,82.31,12.69,0.45,1.29,1.58,1.68
SHARPE,1155,27862,10.33,42279.29,73.59,22.49,0.44,0.43,1.53,1.53
BOGGS,1156,27822,10.31,42289.60,90.37,5.90,0.31,0.75,1.32,1.35
TRUONG,1157,27808,10.31,42299.91,1.21,0.17,96.48,0.04,1.67,0.44
PIERSON,1158,27730,10.28,42310.19,86.02,9.81,0.44,0.42,1.46,1.84
GODFREY,1159,27700,10.27,42320.46,80.47,15.31,0.47,0.71,1.64,1.41
MOBLEY,1160,27648,10.25,42330.71,60.36,35.99,0.25,0.43,1.49,1.49
JOHN,1161,27643,10.25,42340.96,47.00,20.10,14.41,12.56,3.58,2.36
KERN,1162,27634,10.24,42351.20,94.76,2.06,0.56,0.32,1.05,1.26
DYE,1163,27627,10.24,42361.44,84.67,10.97,0.57,0.71,1.44,1.65
HOLLIS,1164,27597,10.23,42371.67,67.77,28.38,0.30,0.44,1.62,1.50
BRAVO,1165,27576,10.22,42381.89,7.81,0.70,1.93,0.39,0.52,88.65
MAGANA,1166,27571,10.22,42392.11,3.82,0.18,0.59,0.21,0.42,94.78
RUTHERFORD,1167,27539,10.21,42402.32,84.00,11.58,0.34,1.02,1.59,1.47
NG,1168,27537,10.21,42412.53,1.77,0.23,93.98,0.04,2.62,1.36
TUTTLE,1169,27460,10.18,42422.71,94.70,1.35,0.40,0.97,1.16,1.42
LIM,1170,27433,10.17,42432.88,3.19,0.30,91.51,0.11,3.60,1.30
ROMANO,1171,27401,10.16,42443.04,88.61,0.42,1.22,0.14,1.21,8.41
ARTHUR,1172,27383,10.15,42453.19,80.21,14.03,0.67,1.88,1.70,1.50
TREJO,1172,27383,10.15,42463.34,4.59,0.42,0.14,0.35,0.35,94.15
KNOWLES,1174,27380,10.15,42473.49,83.65,12.18,0.43,0.46,1.49,1.79
LYON,1175,27337,10.13,42483.62,93.57,2.82,0.53,0.42,1.17,1.49
SHIRLEY,1176,27300,10.12,42493.74,84.69,8.63,0.47,3.17,1.56,1.48
QUINONES,1177,27290,10.12,42503.86,6.42,1.33,0.97,0.22,0.55,90.52
CHILDS,1178,27266,10.11,42513.96,65.14,30.72,0.40,0.94,1.53,1.27
DOLAN,1179,27252,10.10,42524.07,96.32,0.33,0.60,0.32,0.98,1.46
HEAD,1180,27218,10.09,42534.16,80.33,15.72,0.35,0.96,1.34,1.29
REYNA,1181,27215,10.09,42544.25,6.29,0.16,0.40,0.49,0.26,92.39
SAENZ,1182,27211,10.09,42554.33,7.85,0.16,0.38,0.36,0.39,90.87
HASTINGS,1183,27201,10.08,42564.42,91.32,4.40,0.50,0.80,1.22,1.76
KENNEY,1184,27189,10.08,42574.49,89.07,7.45,0.49,0.27,1.39,1.34
CANO,1185,27179,10.08,42584.57,7.73,0.24,1.12,0.27,0.48,90.15
FOREMAN,1186,27130,10.06,42594.63,68.37,26.10,0.44,1.60,1.88,1.61
DENTON,1187,27112,10.05,42604.68,87.79,7.96,0.39,0.67,1.31,1.87
VILLALOBOS,1188,27107,10.05,42614.73,4.63,0.17,0.60,0.25,0.31,94.03
PRYOR,1189,27065,10.03,42624.76,62.83,33.06,0.33,0.46,1.92,1.40
SARGENT,1190,27024,10.02,42634.78,87.56,7.61,0.40,1.17,1.48,1.78
DOHERTY,1191,26978,10.00,42644.78,96.27,0.76,0.46,0.21,1.03,1.27
HOPPER,1192,26956,9.99,42654.77,89.25,6.12,0.48,1.06,1.22,1.87
PHAN,1193,26903,9.97,42664.74,1.82,(S),94.79,(S),2.46,0.65
WOMACK,1194,26890,9.97,42674.71,68.30,27.53,0.33,0.71,1.72,1.40
LOCKHART,1195,26844,9.95,42684.66,65.84,30.09,0.37,0.35,1.69,1.66
VENTURA,1196,26769,9.92,42694.58,26.22,0.78,5.34,0.50,1.58,65.58
DWYER,1197,26759,9.92,42704.50,93.86,2.89,0.52,0.21,1.08,1.45
MULLER,1198,26744,9.91,42714.42,89.83,2.63,0.88,0.32,1.57,4.76
GALINDO,1199,26730,9.91,42724.33,6.75,0.19,0.88,0.40,0.45,91.33
GRACE,1200,26727,9.91,42734.23,73.58,20.18,1.44,0.54,2.20,2.06
SORENSEN,1201,26705,9.90,42744.13,96.08,0.15,0.62,0.30,1.18,1.67
COURTNEY,1202,26668,9.89,42754.02,86.80,9.04,0.45,0.63,1.41,1.66
PARRA,1203,26654,9.88,42763.90,7.51,0.25,0.33,0.48,0.53,90.90
RODRIGUES,1204,26652,9.88,42773.78,42.83,2.04,3.83,0.25,7.83,43.22
NICHOLAS,1205,26628,9.87,42783.65,76.56,16.10,1.12,1.39,2.14,2.70
AHMED,1206,26607,9.86,42793.51,13.68,12.48,56.29,0.26,15.72,1.57
MCGINNIS,1207,26578,9.85,42803.37,89.24,7.05,0.41,0.41,1.32,1.57
LANGLEY,1208,26560,9.85,42813.21,85.09,10.26,0.41,1.19,1.45,1.60
MADISON,1209,26548,9.84,42823.05,56.98,38.09,0.50,0.85,2.35,1.22
LOCKE,1210,26516,9.83,42832.88,83.26,11.77,1.06,0.81,1.59,1.52
JAMISON,1211,26476,9.81,42842.70,59.17,36.45,0.36,0.82,1.66,1.55
NAVA,1212,26463,9.81,42852.51,5.34,0.18,1.07,0.21,0.46,92.73
GUSTAFSON,1213,26433,9.80,42862.31,96.92,0.21,0.52,0.40,1.03,0.92
SYKES,1214,26425,9.80,42872.10,56.45,39.91,0.34,0.31,1.73,1.26
DEMPSEY,1215,26403,9.79,42881.89,90.62,5.40,0.44,0.79,1.24,1.51
HAMM,1216,26392,9.78,42891.67,87.17,8.95,0.53,0.56,1.23,1.56
RODRIQUEZ,1217,26377,9.78,42901.45,7.07,1.74,0.29,0.59,0.64,89.68
MCGILL,1218,26354,9.77,42911.22,70.14,25.49,0.40,0.59,1.71,1.67
XIONG,1219,26336,9.76,42920.98,0.30,(S),94.70,(S),4.66,0.29
ESQUIVEL,1220,26301,9.75,42930.73,4.89,0.23,0.73,0.31,0.34,93.51
SIMMS,1221,26296,9.75,42940.48,53.96,41.33,0.46,0.59,2.10,1.57
KENDRICK,1222,26266,9.74,42950.22,66.76,29.17,0.33,0.51,1.84,1.40
BOYCE,1223,26229,9.72,42959.94,76.95,18.65,0.56,0.42,1.91,1.51
VIGIL,1224,26224,9.72,42969.66,13.38,0.24,0.35,2.96,1.04,82.04
DOWNEY,1225,26206,9.71,42979.38,89.47,6.11,0.52,0.86,1.35,1.69
MCKENNA,1226,26189,9.71,42989.08,95.53,0.76,0.43,0.27,0.86,2.15
SIERRA,1227,26181,9.71,42998.79,8.55,0.85,0.52,0.53,0.54,89.01
WEBBER,1228,26178,9.70,43008.49,84.83,10.65,0.58,0.61,1.33,1.99
KIRKPATRICK,1229,26155,9.70,43018.19,91.09,5.37,0.47,0.47,1.15,1.45
DICKINSON,1230,26144,9.69,43027.88,91.53,4.53,0.57,0.32,1.34,1.71
COUCH,1231,26135,9.69,43037.57,89.41,6.55,0.31,0.69,1.44,1.60
BURKS,1232,26115,9.68,43047.25,54.49,41.37,0.24,0.45,1.77,1.69
SHEEHAN,1233,26107,9.68,43056.93,96.66,0.20,0.57,0.23,1.01,1.33
SLAUGHTER,1234,26088,9.67,43066.60,59.51,36.54,0.30,0.40,1.89,1.36
PIKE,1235,26086,9.67,43076.27,93.76,1.64,0.44,1.33,1.34,1.49
WHITLEY,1236,26078,9.67,43085.93,74.59,21.96,0.30,0.51,1.31,1.33
MAGEE,1237,26031,9.65,43095.58,67.12,29.33,0.37,0.54,1.36,1.29
CHENG,1238,26023,9.65,43105.23,1.46,0.21,95.08,0.03,2.43,0.79
SINCLAIR,1239,26014,9.64,43114.87,76.55,17.96,0.48,0.70,1.80,2.49
CASSIDY,1240,26011,9.64,43124.52,93.86,2.09,0.50,0.36,1.31,1.88
RUTLEDGE,1241,26010,9.64,43134.16,77.32,18.59,0.33,0.63,1.58,1.55
BURRIS,1242,25998,9.64,43143.80,77.16,17.42,0.42,1.72,1.89,1.39
BOWLING,1243,25938,9.62,43153.41,92.74,4.40,0.29,0.49,1.11,0.97
CRABTREE,1244,25929,9.61,43163.02,95.23,0.96,0.34,0.91,1.23,1.32
MCNAMARA,1245,25896,9.60,43172.62,96.65,0.38,0.42,0.23,1.08,1.24
AVALOS,1246,25875,9.59,43182.21,3.80,0.10,0.26,0.22,0.28,95.35
VU,1247,25828,9.57,43191.79,1.47,0.12,96.23,0.05,1.67,0.46
HERRON,1248,25776,9.56,43201.34,73.48,21.85,0.46,0.57,1.73,1.92
BROUSSARD,1249,25735,9.54,43210.88,69.51,26.56,0.24,0.35,1.66,1.68
ABRAHAM,1250,25729,9.54,43220.42,51.67,19.34,19.26,0.72,3.82,5.19
GARLAND,1251,25725,9.54,43229.96,79.64,16.82,0.37,0.47,1.43,1.27
CORBETT,1252,25722,9.54,43239.49,82.59,13.82,0.38,0.55,1.38,1.27
CORBIN,1253,25696,9.53,43249.02,77.04,19.27,0.44,0.44,1.58,1.22
STINSON,1254,25694,9.52,43258.54,73.07,23.21,0.39,0.52,1.53,1.28
CHIN,1255,25673,9.52,43268.06,6.48,6.03,77.95,0.12,7.03,2.40
BURT,1256,25649,9.51,43277.57,80.79,15.34,0.36,0.50,1.37,1.65
HUTCHINS,1257,25633,9.50,43287.07,80.32,15.75,0.50,0.62,1.44,1.37
WOODRUFF,1258,25626,9.50,43296.57,83.95,12.03,0.37,0.64,1.49,1.53
LAU,1259,25624,9.50,43306.07,17.42,0.21,76.56,0.10,2.97,2.73
BRANDON,1260,25600,9.49,43315.56,66.28,28.21,0.50,0.77,2.06,2.17
SINGER,1261,25599,9.49,43325.05,91.65,2.17,0.60,2.64,1.23,1.71
HATCH,1262,25564,9.48,43334.52,88.73,6.69,0.47,1.08,1.42,1.60
ROSSI,1263,25512,9.46,43343.98,93.60,0.58,0.46,0.14,1.16,4.06
SHAFER,1264,25498,9.45,43353.43,95.50,0.78,0.58,0.44,1.17,1.53
OTT,1265,25492,9.45,43362.88,95.28,1.11,0.45,0.66,1.18,1.32
GOSS,1266,25464,9.44,43372.32,82.56,13.68,0.28,0.69,1.41,1.39
GREGG,1267,25457,9.44,43381.76,84.79,10.58,0.40,1.25,1.45,1.53
DEWITT,1268,25448,9.43,43391.19,89.01,6.79,0.47,0.70,1.45,1.57
TANG,1269,25446,9.43,43400.62,2.75,0.62,93.04,0.06,2.54,0.99
POLK,1270,25438,9.43,43410.05,47.79,47.52,0.47,1.10,1.71,1.42
WORLEY,1271,25407,9.42,43419.47,91.18,5.14,0.33,0.72,1.32,1.30
COVINGTON,1272,25403,9.42,43428.89,51.96,43.81,0.29,0.65,1.78,1.53
SALDANA,1273,25386,9.41,43438.30,5.15,0.43,1.33,0.26,0.45,92.39
HELLER,1274,25371,9.40,43447.70,95.27,1.68,0.45,0.21,0.97,1.42
EMERY,1275,25338,9.39,43457.10,90.17,5.38,0.52,0.94,1.42,1.56
SWARTZ,1276,25307,9.38,43466.48,96.31,0.49,0.49,0.35,1.11,1.26
CHO,1277,25305,9.38,43475.86,1.79,(S),95.57,(S),1.85,0.65
MCCRAY,1278,25300,9.38,43485.24,28.60,67.25,0.20,0.91,1.87,1.16
ELMORE,1279,25280,9.37,43494.61,77.22,18.93,0.35,0.39,1.50,1.62
ROSENBERG,1280,25271,9.37,43503.98,95.64,0.61,0.50,0.14,1.37,1.74
SIMONS,1281,25266,9.37,43513.34,87.13,8.19,0.47,0.50,1.55,2.16
CLEMONS,1282,25265,9.37,43522.71,53.65,42.33,0.25,0.68,1.99,1.10
BEATTY,1283,25245,9.36,43532.07,82.46,13.66,0.37,0.70,1.45,1.37
HARDEN,1284,25241,9.36,43541.42,61.31,34.52,0.36,0.67,1.82,1.32
HERBERT,1285,25224,9.35,43550.77,74.61,20.02,0.64,0.88,1.40,2.45
BLAND,1286,25219,9.35,43560.12,62.48,33.56,0.33,0.42,1.71,1.49
RUCKER,1287,25160,9.33,43569.45,47.97,48.00,0.33,0.39,1.96,1.34
MANLEY,1288,25159,9.33,43578.78,80.69,14.91,0.53,0.78,1.59,1.50
ZIEGLER,1289,25138,9.32,43588.09,93.96,2.81,0.54,0.38,0.97,1.34
GRADY,1290,25121,9.31,43597.41,73.72,22.52,0.37,0.52,1.48,1.40
LOTT,1291,25118,9.31,43606.72,67.92,28.06,0.36,0.72,1.59,1.35
ROUSE,1292,25022,9.28,43615.99,71.94,23.75,0.30,0.87,1.45,1.69
GLEASON,1293,25007,9.27,43625.26,93.65,1.71,0.53,1.05,1.42,1.65
MCCLELLAN,1294,24986,9.26,43634.53,82.25,13.20,0.42,1.01,1.64,1.47
ABRAMS,1295,24961,9.25,43643.78,74.14,21.23,0.42,0.65,1.47,2.10
VO,1296,24956,9.25,43653.03,1.84,0.28,95.16,0.05,2.02,0.65
ALBRIGHT,1297,24942,9.25,43662.28,91.60,5.29,0.36,0.35,1.07,1.32
MEIER,1298,24886,9.23,43671.50,96.33,0.19,0.51,0.37,1.00,1.60
DUNBAR,1299,24871,9.22,43680.72,67.62,28.49,0.43,0.37,1.66,1.44
ACKERMAN,1300,24862,9.22,43689.94,94.88,1.30,0.54,0.61,1.11,1.56
PADGETT,1301,24854,9.21,43699.15,90.23,6.30,0.32,0.56,1.23,1.35
MAYES,1302,24853,9.21,43708.36,63.56,31.71,0.29,0.62,1.81,2.01
TIPTON,1303,24767,9.18,43717.54,89.15,6.98,0.33,0.88,1.33,1.33
COFFMAN,1304,24733,9.17,43726.71,94.20,1.74,0.39,0.72,1.44,1.52
PERALTA,1305,24713,9.16,43735.87,6.38,0.38,8.28,0.51,1.13,83.32
SHAPIRO,1306,24712,9.16,43745.03,96.70,0.38,0.49,0.08,1.10,1.25
ROE,1307,24699,9.16,43754.19,92.19,3.18,1.06,0.64,1.37,1.56
WESTON,1308,24679,9.15,43763.34,73.33,21.82,0.45,1.21,1.67,1.53
PLUMMER,1309,24665,9.14,43772.48,71.62,23.00,0.36,1.53,1.69,1.78
HELTON,1310,24624,9.13,43781.61,92.73,3.49,0.35,0.69,1.38,1.35
STERN,1311,24618,9.13,43790.74,94.21,2.24,0.56,0.20,1.35,1.43
FRASER,1312,24616,9.13,43799.86,81.93,13.00,0.82,0.63,1.73,1.88
STOVER,1313,24613,9.12,43808.98,89.01,7.10,0.38,0.74,1.38,1.39
FISH,1314,24612,9.12,43818.11,93.45,1.75,0.50,1.69,1.30,1.31
SCHUMACHER,1315,24573,9.11,43827.22,96.93,0.23,0.37,0.39,0.95,1.12
BACA,1316,24572,9.11,43836.33,16.32,0.27,0.48,1.98,0.75,80.20
CURRAN,1317,24559,9.10,43845.43,96.45,0.26,0.49,0.29,0.95,1.56
VINSON,1318,24557,9.10,43854.53,67.72,28.16,0.39,0.61,1.77,1.34
VERA,1319,24553,9.10,43863.63,8.21,0.60,0.79,0.22,0.48,89.69
CLIFTON,1320,24523,9.09,43872.73,83.41,12.51,0.33,0.62,1.53,1.60
ERVIN,1321,24511,9.09,43881.81,60.44,35.03,0.37,0.63,1.90,1.64
ELDRIDGE,1322,24510,9.09,43890.90,83.61,12.56,0.41,0.93,1.34,1.16
LOWRY,1323,24506,9.08,43899.98,86.64,6.21,0.45,3.48,1.60,1.62
CHILDRESS,1324,24485,9.08,43909.06,79.84,16.19,0.38,0.61,1.54,1.44
BECERRA,1325,24468,9.07,43918.13,5.12,0.14,0.31,0.20,0.36,93.87
GORE,1326,24449,9.06,43927.19,73.63,21.64,1.21,0.66,1.50,1.35
SEYMOUR,1327,24427,9.06,43936.25,84.89,10.04,0.49,1.28,1.64,1.65
CHU,1328,24381,9.04,43945.28,2.47,(S),93.37,(S),2.76,1.22
FIELD,1329,24374,9.04,43954.32,91.91,3.66,0.82,0.47,1.30,1.84
AKERS,1330,24353,9.03,43963.35,91.91,4.46,0.41,0.68,1.31,1.23
CARRASCO,1331,24343,9.02,43972.37,6.34,0.34,0.78,0.30,0.38,91.86
BINGHAM,1332,24327,9.02,43981.39,84.32,11.93,0.38,0.56,1.42,1.39
STERLING,1333,24314,9.01,43990.40,67.54,26.40,0.52,0.46,2.02,3.06
GREENWOOD,1334,24301,9.01,43999.41,82.55,12.85,0.44,0.95,1.54,1.67
LESLIE,1335,24266,9.00,44008.41,75.94,18.01,0.87,1.15,2.16,1.87
GROVES,1336,24260,8.99,44017.40,86.17,9.23,0.49,0.73,1.57,1.81
MANUEL,1337,24227,8.98,44026.38,45.35,28.40,10.44,3.69,2.52,9.60
SWAIN,1338,24220,8.98,44035.36,69.45,25.73,0.64,0.69,1.92,1.56
EDMONDS,1339,24210,8.97,44044.33,63.05,32.30,0.43,0.66,1.98,1.58
MUNIZ,1340,24203,8.97,44053.31,8.57,0.49,0.27,0.36,0.66,89.66
THOMSON,1341,24174,8.96,44062.27,91.05,4.67,0.87,0.43,1.25,1.73
CROUCH,1342,24146,8.95,44071.22,91.44,5.10,0.46,0.51,1.09,1.39
WALDEN,1343,24122,8.94,44080.16,79.75,15.75,0.49,0.86,1.73,1.43
SMART,1344,24114,8.94,44089.10,75.51,19.06,0.53,1.43,1.87,1.59
TOMLINSON,1345,24110,8.94,44098.04,87.03,8.47,0.52,0.47,1.62,1.90
ALFARO,1346,24108,8.94,44106.97,5.83,0.34,1.48,0.13,0.41,91.80
QUICK,1347,24095,8.93,44115.90,82.79,12.75,0.46,1.00,1.55,1.45
GOLDMAN,1348,24086,8.93,44124.83,92.77,4.17,0.46,0.22,1.13,1.25
MCELROY,1349,24064,8.92,44133.75,81.22,14.81,0.45,0.36,1.58,1.57
YARBROUGH,1350,24063,8.92,44142.67,73.51,22.58,0.24,0.58,1.69,1.40
FUNK,1351,24032,8.91,44151.58,96.54,0.30,0.57,0.40,1.00,1.20
HONG,1352,24017,8.90,44160.49,7.26,1.02,88.05,0.17,2.60,0.90
PORTILLO,1353,24008,8.90,44169.38,5.76,0.45,0.44,0.17,0.49,92.68
LUND,1354,24001,8.90,44178.28,94.48,0.38,0.64,0.54,1.42,2.54
NGO,1355,23980,8.89,44187.17,1.14,(S),95.84,(S),2.13,0.61
ELKINS,1356,23953,8.88,44196.05,92.18,3.72,0.36,0.72,1.34,1.68
STROUD,1357,23946,8.88,44204.93,79.40,16.75,0.39,0.61,1.49,1.37
MEREDITH,1358,23937,8.87,44213.80,85.85,10.29,0.74,0.34,1.35,1.44
BATTLE,1359,23934,8.87,44222.67,16.43,78.89,0.23,0.26,2.18,2.01
MCCAULEY,1360,23926,8.87,44231.54,85.57,10.29,0.43,0.94,1.34,1.42
ZAPATA,1361,23900,8.86,44240.40,5.87,0.48,1.14,0.16,0.49,91.86
BLOOM,1362,23879,8.85,44249.25,94.41,1.93,0.50,0.31,1.28,1.56
GEE,1363,23826,8.83,44258.09,55.78,18.82,21.07,0.71,2.08,1.54
GIVENS,1364,23823,8.83,44266.92,51.63,44.05,0.25,0.75,1.94,1.38
CARDONA,1365,23806,8.82,44275.74,7.30,0.42,0.93,0.11,0.59,90.65
SCHAFER,1366,23804,8.82,44284.57,96.64,0.30,0.39,0.39,1.02,1.26
ROBISON,1367,23785,8.82,44293.38,89.41,6.22,0.36,1.15,1.35,1.51
GUNTER,1368,23775,8.81,44302.20,84.35,12.09,0.42,0.57,1.46,1.11
GRIGGS,1369,23756,8.81,44311.00,72.27,23.70,0.32,0.77,1.41,1.54
TOVAR,1370,23743,8.80,44319.80,5.38,0.32,0.21,0.29,0.37,93.43
TEAGUE,1371,23731,8.80,44328.60,82.26,13.42,0.34,0.78,1.64,1.56
SWIFT,1372,23685,8.78,44337.38,79.95,15.39,0.44,0.81,1.79,1.62
BOWDEN,1373,23677,8.78,44346.16,74.63,21.45,0.49,0.45,1.41,1.57
SCHULZ,1374,23676,8.78,44354.93,96.57,0.24,0.53,0.21,0.98,1.47
BLANTON,1375,23665,8.77,44363.71,85.54,11.01,0.27,0.43,1.42,1.32
BUCKNER,1376,23645,8.77,44372.47,69.30,26.28,0.28,0.83,1.89,1.41
WHALEN,1377,23642,8.76,44381.24,94.37,2.09,0.51,0.47,1.13,1.43
PRITCHARD,1378,23606,8.75,44389.99,90.34,5.62,0.64,0.44,1.49,1.47
PIERRE,1379,23575,8.74,44398.73,9.23,76.90,0.40,1.22,9.94,2.31
KANG,1380,23565,8.74,44407.46,4.19,0.71,92.45,0.07,2.12,0.46
BUTTS,1381,23540,8.73,44416.19,68.34,28.47,0.27,0.30,1.38,1.24
METCALF,1381,23540,8.73,44424.91,88.16,7.59,0.45,0.85,1.49,1.46
KURTZ,1383,23488,8.71,44433.62,95.70,1.20,0.41,0.27,1.12,1.29
SANDERSON,1384,23469,8.70,44442.32,88.06,6.10,0.38,2.53,1.50,1.44
TOMPKINS,1385,23468,8.70,44451.02,86.15,9.88,0.60,0.58,1.22,1.57
INMAN,1386,23460,8.70,44459.72,89.83,6.35,0.49,0.64,1.28,1.42
CROWDER,1387,23409,8.68,44468.39,69.26,26.85,0.29,0.54,1.52,1.54
DICKEY,1388,23401,8.67,44477.07,84.24,11.88,0.50,0.49,1.35,1.55
HUTCHISON,1389,23391,8.67,44485.74,91.96,4.59,0.28,0.57,1.34,1.27
CONKLIN,1390,23371,8.66,44494.40,94.37,1.20,0.42,0.93,1.46,1.61
HOSKINS,1391,23358,8.66,44503.06,74.80,21.20,0.42,0.48,1.67,1.44
HOLBROOK,1392,23317,8.64,44511.71,92.82,4.00,0.31,0.48,1.18,1.21
HORNER,1393,23308,8.64,44520.35,92.98,2.80,0.52,0.69,1.54,1.48
NEELY,1393,23308,8.64,44528.99,73.03,23.38,0.33,0.44,1.48,1.35
TATUM,1395,23300,8.64,44537.62,57.73,37.32,0.28,0.80,1.71,2.15
HOLLINGSWORTH,1396,23294,8.64,44546.26,82.45,13.75,0.30,0.45,1.31,1.73
DRAPER,1397,23242,8.62,44554.87,81.06,13.67,0.45,1.87,1.34,1.62
CLEMENT,1398,23233,8.61,44563.49,84.69,9.90,0.66,0.84,1.75,2.17
LORD,1399,23221,8.61,44572.09,89.95,4.94,0.76,0.54,1.60,2.21
REECE,1400,23216,8.61,44580.70,81.59,13.68,0.39,0.94,1.80,1.59
FELDMAN,1401,23195,8.60,44589.30,96.36,0.47,0.38,0.08,0.92,1.78
KAY,1402,23189,8.60,44597.90,87.80,5.22,3.20,0.75,1.50,1.54
HAGEN,1403,23175,8.59,44606.49,95.30,1.13,0.45,0.44,1.18,1.49
CREWS,1404,23167,8.59,44615.07,77.74,18.43,0.47,0.49,1.50,1.37
BOWLES,1405,23157,8.58,44623.66,82.32,13.68,0.33,0.49,1.59,1.59
POST,1406,23155,8.58,44632.24,95.10,1.26,0.57,0.60,1.21,1.27
JEWELL,1407,23143,8.58,44640.82,89.58,6.59,0.38,0.65,1.30,1.51
DALEY,1408,23132,8.57,44649.40,81.33,14.25,0.52,0.37,1.87,1.66
CORDERO,1409,23127,8.57,44657.97,9.31,0.85,4.99,0.36,0.86,83.63
MCKINLEY,1410,23124,8.57,44666.54,76.77,18.95,0.42,0.93,1.34,1.60
VELASCO,1411,23114,8.57,44675.11,7.35,0.24,10.94,0.48,0.94,80.06
MASTERS,1412,23106,8.57,44683.67,92.46,2.89,0.64,0.77,1.55,1.69
DRISCOLL,1413,23063,8.55,44692.22,95.48,1.54,0.36,0.27,0.85,1.51
BURRELL,1414,23048,8.54,44700.77,49.12,45.89,0.31,0.55,2.10,2.03
VALLE,1415,23039,8.54,44709.31,13.06,0.76,1.46,0.27,0.79,83.66
CROW,1416,23031,8.54,44717.85,90.94,2.73,0.45,2.36,1.69,1.84
DEVINE,1417,23016,8.53,44726.38,89.54,6.61,0.54,0.58,1.18,1.56
LARKIN,1418,23004,8.53,44734.91,84.04,12.05,0.45,0.40,1.33,1.73
CHAPPELL,1419,23001,8.53,44743.43,78.17,18.40,0.27,0.51,1.40,1.24
POLLOCK,1420,22994,8.52,44751.96,89.21,6.58,0.49,0.53,1.07,2.11
KIMBALL,1421,22990,8.52,44760.48,94.07,2.32,0.50,0.43,1.10,1.58
LY,1421,22990,8.52,44769.00,1.24,0.80,94.52,0.03,2.71,0.69
SCHMITZ,1423,22984,8.52,44777.52,97.22,0.18,0.42,0.25,0.84,1.10
LU,1424,22977,8.52,44786.04,1.65,0.22,95.73,0.06,1.72,0.63
RUBIN,1425,22969,8.51,44794.55,90.06,5.57,0.89,0.07,1.13,2.28
SELF,1426,22954,8.51,44803.06,90.28,5.17,0.36,1.18,1.42,1.60
BARRIOS,1427,22941,8.50,44811.57,10.84,0.44,1.62,0.33,0.47,86.31